914
15 14
1051 17740 97244 23394 81548 34990 8913 59740 17745 2196 21436 29618 12330 83108 
18 14
52395 75224 35169 98878 80302 64396 52255 56601 55842 73308 69057 29586 74997 74125 
29 17
93750 80532 77682 66311 68449 12708 33042 69361 55674 33336 68691 77350 99675 97733 50056 23600 69534 
42 14
89954 75269 75467 5504 37126 27005 93173 83940 8725 72038 29654 10211 4919 65467 
54 13
84312 25896 13920 66803 72890 42403 52778 1443 50638 97254 81349 16396 49211 
58 14
73007 29746 20337 94469 38991 92131 54095 4043 76612 44540 82981 86222 45516 26116 
69 13
61389 68154 51531 84681 86023 24952 65739 92147 5808 11810 61912 52387 35067 
72 18
78903 86298 89314 46450 48253 91093 11162 4881 4102 54942 91784 59615 12452 17698 60433 38635 16099 52737 
75 11
72551 43652 28823 43815 92243 80304 45665 65236 19632 28878 90752 
81 12
40496 50496 46586 31915 36541 62136 50891 83633 84897 10508 13133 44840 
83 14
28287 31628 96069 41578 72666 13463 65409 68141 43912 83179 85294 80483 17989 20825 
92 9
73669 87154 33545 9131 37274 57354 42710 23932 76538 
115 10
76397 58775 15264 96238 44635 99249 50746 55235 5443 60419 
141 9
61373 52135 42032 33554 84401 11061 1616 27534 21027 
144 17
17601 68050 19783 36936 66224 51871 82815 81337 5168 98171 431 82951 92868 44290 22337 90129 48185 
147 17
85475 37898 25669 55169 77014 37483 53926 37740 14550 52718 63425 19749 94927 22178 68662 35845 88118 
156 11
13469 15885 65197 1251 54977 73296 20438 46885 42859 47307 36043 
165 18
70232 77458 56855 28355 37089 6338 82111 76135 81958 78600 57068 71402 78531 77356 91426 33518 88798 29967 
177 18
56212 95196 74013 35086 79625 32108 58466 68856 24856 38787 859 58838 63728 41033 86060 56541 45612 722 
180 19
22770 56086 52970 71005 98128 862 79716 20863 72660 75870 84541 97815 53633 57753 65750 31588 87213 35394 54866 
198 13
36870 79943 3333 11316 19029 46140 9872 42091 40934 37953 86139 64023 38878 
200 16
89919 26167 90809 31708 30350 97659 15101 57090 78464 64627 95173 29706 31027 26181 60053 51575 
205 16
48013 59987 38482 66489 17610 89409 35266 36301 64997 5036 28752 22789 15899 54398 81965 85922 
215 12
57345 89190 66100 99274 57002 75230 94955 58909 91887 73349 85451 53445 
220 17
80199 58268 69313 53737 15813 42679 16920 19587 51537 813 17440 92984 90127 48577 79410 27476 33342 
239 14
71350 73369 70868 72392 9766 98361 82499 1599 18522 89876 18200 37133 49031 12443 
242 15
20744 36153 189 19002 23468 395 70018 45438 89742 10942 17280 86949 78106 10820 98978 
245 17
12185 19063 26545 49980 74282 42277 9366 35988 85377 13505 21775 43905 33358 95513 21579 93787 82311 
255 18
39570 82915 5672 46524 80009 79059 94892 79133 61948 28377 34142 18475 53204 60046 1534 48077 94936 65354 
290 12
26169 35459 55135 99901 91328 16298 21136 59417 97713 97769 75750 23235 
293 15
89089 32085 1378 30919 15322 88008 35161 19233 74344 52805 66807 21757 87656 46410 23028 
296 17
13112 53679 20885 34006 34131 9523 80421 62489 18247 68972 44461 32470 7083 95246 70315 5286 18353 
310 15
56999 58340 2192 17185 14930 83307 27463 9345 99948 18449 22665 91758 75665 53010 47216 
314 15
63165 1523 93867 44995 50012 59963 60167 22302 10109 84531 64337 88138 70539 92456 64334 
317 8
87192 14071 82751 5507 91989 35908 47106 62775 
322 13
37233 86071 22915 26229 52127 65870 72500 6746 11553 24630 98762 96607 47789 
336 12
33376 95097 68306 69547 35413 708 45101 4456 4018 20031 78480 72530 
337 13
42781 44595 21105 60311 90248 2378 60537 92183 14332 22544 12478 36601 92029 
339 17
55575 72357 17915 46187 86688 37593 13498 34201 19998 36061 42160 43697 69372 88088 79228 27942 77635 
349 18
83215 64201 17897 92378 45706 49971 10212 55168 56492 71808 87536 18167 93253 39545 59352 73350 99807 34171 
354 13
875 43612 7916 40715 36524 30651 96198 25768 12881 24559 31721 91603 17591 
358 13
99987 72306 13196 74558 92882 26921 25027 61764 82429 24525 80552 17648 71018 
360 10
51762 9390 19893 26241 80824 80851 30215 77074 31367 18869 
363 18
31948 37433 80368 16716 11267 97712 78075 96606 42838 90068 53736 90484 82794 53122 65294 33729 40487 66598 
383 15
4838 88866 94394 94186 69734 91316 32051 92070 54707 23838 928 82241 20909 67988 4887 
399 12
5704 5660 36203 59660 55849 58319 86560 72616 44405 92949 16700 83483 
407 12
71500 89988 97045 85883 24876 75547 63462 6225 18420 586 67822 80675 
410 17
86274 75795 10196 16982 88539 51626 62165 2155 2897 47334 80829 65641 58919 41174 36890 78865 97393 
414 19
58203 57632 134 4391 35170 30257 13209 3857 11876 12491 43849 47195 82540 55000 67594 72431 78367 75477 61099 
426 11
48728 5242 69733 49744 6427 63707 89569 34598 47318 98210 44266 
428 12
53465 53124 51815 59948 15024 70490 57126 32829 57072 72723 82063 7788 
429 17
50240 9338 12563 74800 4563 69309 52052 90776 16011 34658 65576 97297 7651 74594 94069 22388 46763 
440 18
97381 92904 75875 22116 72845 65068 17196 14865 81887 22669 22051 52863 29751 90229 52208 64025 88277 98786 
456 16
55689 71859 18385 65439 18127 7165 66596 41921 94108 60387 37620 87689 53796 44679 9380 59989 
462 14
11995 88288 65678 36722 92412 12322 82077 31505 72407 29109 84319 76817 73681 45164 
465 17
32334 36875 11588 22169 666 54490 30843 39961 82793 1139 5493 48125 43640 57715 31246 43614 10458 
479 13
65438 31568 15780 13011 90023 95650 70053 77731 9176 95716 4191 98692 15992 
488 14
42727 59801 35973 83896 98260 26991 47487 8544 30759 65211 9180 28850 65737 77241 
500 16
57125 91652 66310 83347 58655 98148 78037 25274 65414 99206 71608 23993 53816 94222 22226 22260 
520 13
24213 81727 63571 13982 61116 41348 19502 13745 90702 22444 34091 30948 110 
537 17
81853 27234 39709 25397 98577 26854 30595 85228 81256 86922 51889 76734 17842 15699 2473 98569 81581 
543 11
58559 12440 31781 27322 46859 38004 19853 725 4937 44293 37868 
555 16
28172 79265 57518 22635 29340 29929 67932 11256 35007 81758 83947 13054 26049 52206 52560 47424 
561 17
96955 95256 53763 74585 62468 97761 8806 97800 8987 99897 85188 81332 72772 51002 51720 25871 58923 
585 14
68035 95338 58239 10728 47000 22158 90553 72114 28778 78187 62068 98225 40085 75655 
587 12
95174 14665 73207 55872 43069 53810 56129 5159 79343 80208 89899 9451 
613 15
29089 45699 1648 27843 66286 64411 58866 58538 62608 30748 3318 53323 6207 23127 98922 
620 14
33339 31142 90128 75530 52399 11351 51771 30153 76139 63067 10717 27378 51858 17004 
625 11
6725 19915 40621 36083 47274 69751 43832 83509 45573 30496 33117 
627 19
74570 49106 41993 94802 39432 20137 76493 13907 46427 61874 92874 60226 60962 18989 17668 47618 75802 52170 38799 
643 18
80377 73064 23442 87427 71602 81916 65144 55374 62582 28243 99460 16021 4375 39678 84711 1126 8537 36961 
645 13
84181 55001 98599 29121 18510 6448 19778 41048 3243 26267 47155 34872 35601 
650 12
88226 26135 68353 59551 50898 68345 60100 18275 44740 61008 33694 78383 
657 9
39742 7188 35060 62073 18766 28948 27863 42847 83887 
661 20
48941 87312 32402 83190 46618 77606 50977 25973 15297 26557 49350 31489 55860 41272 44823 15973 86001 9112 5110 66405 
667 15
6535 49708 28636 42870 65505 84084 1529 37390 6330 92353 76211 6328 4430 42355 85898 
713 16
76825 61069 40408 3566 91155 28713 45387 49475 28565 82198 32643 96448 89016 8217 52742 74248 
728 9
71631 17456 5940 20376 99924 57477 13816 5031 44705 
733 17
74547 79180 39705 92955 86454 49094 67770 13284 65928 10133 76251 80266 83833 95415 66261 27665 5837 
752 17
30917 12133 28446 16350 55619 93744 18064 61302 70551 31700 72792 39254 94303 81483 26416 43031 91548 
761 14
82130 21964 1932 76379 83408 83109 3173 78198 19086 56569 74057 344 80 48972 
787 13
93804 28454 28770 56648 68117 26830 58404 22951 18196 14260 65673 28862 44816 
794 10
74291 19230 26937 19564 94453 81411 19740 14396 9991 64596 
806 12
68168 71891 61355 43442 81762 91541 93536 43249 59283 25022 2074 82846 
820 19
17999 52153 81969 83119 30251 60338 20672 8452 54419 97361 27479 88971 82097 26664 9376 44633 86250 44370 66360 
825 16
96894 72211 62630 44047 35649 16387 19761 20058 49609 69306 83695 78064 32974 63729 37375 72176 
871 15
20914 61630 90507 27474 33691 20631 62292 50882 94721 52377 68576 54053 11116 36114 30799 
906 10
60103 51287 44052 11604 24241 36627 87150 2770 73612 46263 
907 9
36274 22820 38694 74734 47831 65891 45218 65743 41567 
908 15
10315 6822 40632 79850 4979 18170 20747 46361 53434 95210 91148 69632 95934 30744 58626 
909 15
89774 87173 17502 33171 27663 24854 65927 51278 94417 87262 3975 8163 92502 53707 68062 
917 9
97211 85545 38274 99771 3449 59516 44084 33126 60729 
930 20
15374 77709 50122 98123 69882 32075 60154 30940 68671 24536 24066 64593 64149 69252 62830 8878 55988 31670 68975 76659 
945 14
70182 59483 61938 99617 54232 15560 17173 33302 62066 79334 73256 19221 46515 92601 
960 13
4926 26015 81617 84332 76569 79697 10369 87879 69955 98653 96800 5744 46488 
988 11
44001 6369 94636 63674 680 30576 51099 82782 60135 5653 25124 
992 14
78950 59591 64705 87036 34783 81467 85969 58804 61062 97559 96724 72826 98770 99374 
1002 15
64128 51557 43863 53213 49726 79194 45978 38278 38792 61038 9968 27661 28160 29363 75761 
1004 12
87426 7509 2399 71234 62479 24346 19231 71759 40950 77426 99535 70011 
1023 15
9084 51587 94739 10828 85591 97098 27354 97587 89160 61112 55186 83452 99039 43370 30515 
1024 11
32114 24268 22368 4972 52032 38759 61721 82442 58408 68426 20277 
1028 10
48004 46773 88525 98360 77170 4225 92049 44539 60552 6622 
1029 10
2582 19794 64097 79024 7468 15258 90196 25966 52505 55391 
1041 10
54408 14469 94426 73870 10289 57473 18919 93566 76267 23470 
1045 19
25087 20595 95978 77344 63622 90560 21886 41485 54028 20566 44114 43439 87873 56316 91949 29992 39892 38313 49560 
1048 15
51088 48944 2777 80509 35936 93924 87605 2719 98940 26530 94677 73942 36777 46095 40363 
1049 19
9900 3703 85078 54415 96767 42964 6246 52415 37155 97751 8378 96474 66147 75843 95406 18847 58459 77276 60680 
1051 14
41191 58128 12450 54663 65311 42308 70242 61279 27340 12699 40752 71613 3680 97147 
1086 9
60512 16383 76487 47250 92886 67639 42472 5810 35102 
1099 15
74087 3027 1075 4067 87950 9047 85532 36520 9996 74838 67660 429 81056 46920 36238 
1109 9
29735 78813 65141 25962 74628 83089 14698 61713 38329 
1110 13
94775 82667 63840 11124 17878 79216 46752 52822 79109 81924 76657 31146 13971 
1122 16
7037 16524 11366 61361 5258 35032 90599 39662 69073 9959 3419 90466 11343 1885 69606 77572 
1123 10
84388 15386 81414 60904 13407 25432 58159 62034 39015 32793 
1139 12
20382 63126 46215 51672 1884 41635 13159 33173 24234 59678 80578 19263 
1154 19
76263 89411 4517 21593 94666 38244 68390 82830 33886 87964 22384 93107 44725 33249 45281 78403 13341 36558 10939 
1161 11
41509 24904 17614 57095 31630 50715 45754 83258 35684 47289 6615 
1173 14
20153 16136 43022 98061 38468 61286 3757 14082 92218 76253 80006 78596 16426 28558 
1176 10
17553 92171 91262 58895 35942 46632 57842 84570 38649 63336 
1181 10
5320 29214 27377 28042 4193 28899 92124 12567 78261 74718 
1189 17
18505 83259 27803 92432 97821 79407 87032 76647 24042 45900 15220 4207 96492 42713 95218 18054 822 
1195 13
9331 14934 67451 34 58034 12925 16525 81708 60713 65784 61163 99673 79555 
1222 15
18914 31943 47746 77507 76095 6691 66617 13764 75639 83967 78527 49871 18917 45088 66597 
1229 13
79616 90096 42863 89893 69387 11794 11142 52749 50904 8896 76472 79141 63469 
1234 11
75509 52546 17433 64852 63135 92287 51252 90492 37480 41240 63663 
1241 19
29536 35438 7283 31753 25953 30381 22364 6017 67054 32832 86125 58465 64170 38480 99029 90313 34500 47856 33262 
1244 15
4661 65878 2194 9198 75652 73099 60745 60374 15399 98458 71236 8718 40847 30477 88658 
1268 18
47798 98037 17914 42468 30239 12045 85192 73816 97669 80268 17540 21854 6648 2779 99819 5787 37784 68325 
1283 16
78912 89194 18163 29280 99157 21454 30634 38825 18667 43971 61184 34956 96458 87663 50561 9751 
1301 11
66189 68079 60132 59236 89753 34901 71793 5447 80640 8594 34502 
1303 10
10712 38393 86784 16140 62938 57796 68932 61669 69822 81156 
1310 17
21496 24043 84607 58675 58607 59988 83275 71875 32186 66170 57469 72089 55867 80156 21089 72820 29655 
1318 18
30334 99962 53550 80494 57100 10334 95654 98679 61901 55870 81761 31460 29097 44748 97398 33648 49411 82763 
1351 11
89302 21165 47154 31055 36187 28930 19843 91501 59813 2942 36129 
1356 20
83283 52190 15920 73445 49706 77787 89796 40507 56979 61543 74453 1718 98328 70779 66975 63860 57786 7850 74656 13975 
1360 12
65475 75510 16401 55306 48303 13682 66993 99570 74506 9139 20601 84443 
1387 12
7146 33853 83555 69901 47755 82649 1764 87865 47004 1750 33690 11485 
1394 16
11683 81438 88850 66090 77041 94512 15018 15424 7515 31292 5295 39712 62801 15102 24054 63950 
1398 9
71515 68616 71375 53546 99371 76576 19404 62751 103 
1401 18
21662 36831 18325 32087 99567 40839 88283 25313 59882 89744 35776 650 63603 33765 10209 63672 77727 41249 
1427 11
16915 98986 40047 8827 56741 82504 7576 36020 86916 75006 87619 
1453 18
17714 25123 54983 15385 56190 28208 24651 38811 66733 39332 49749 1339 59341 61255 12015 70749 68226 51412 
1455 16
49776 84335 83228 42826 26347 28648 12021 18743 57348 39597 21744 1861 29948 49498 19662 75734 
1458 10
20711 69893 25034 82004 26866 84185 35673 82976 57706 18413 
1499 10
87742 48559 49634 4927 68796 61651 42547 62500 8360 47232 
1506 15
39132 63896 10774 26680 98002 35612 11935 32575 76033 87382 95044 16653 81939 38992 45517 
1507 15
96383 62551 44935 23003 54791 45804 14531 21198 70437 90475 84089 9953 30098 63316 958 
1516 20
74133 89052 28928 6026 25096 65931 21851 68551 75545 54631 96431 35392 99725 25771 88346 93938 7187 26779 86602 38377 
1521 9
22701 91929 33311 25408 13049 73574 16704 26915 34218 
1529 19
4901 41270 38199 87482 34145 42523 79966 77662 51543 65288 25606 6554 87517 72008 41228 41879 12962 9994 53440 
1538 11
89539 52573 41813 68919 18017 28339 47429 42143 58325 26690 65580 
1548 9
40589 55851 7862 3475 92675 75022 934 97692 60640 
1551 18
57630 56068 37223 9404 57225 8504 4790 2684 97317 68416 88606 44066 60973 97265 34746 12481 51535 21609 
1561 16
30326 71237 38789 92091 18027 92126 9880 16710 37006 87458 53032 16984 90433 5669 37612 27889 
1565 17
60497 21345 34472 94823 61342 97056 85015 96150 29635 71487 32549 91398 82383 19907 52008 72597 5130 
1567 14
4065 40911 2279 11997 96641 45013 1703 81452 1962 7603 14983 10185 59192 41478 
1584 16
80641 55911 51502 39082 13976 20516 67789 21771 11055 35610 87744 92745 95584 91937 41634 30631 
1596 15
79620 43430 75356 60540 25014 30880 29111 76098 99733 15116 66979 11141 5745 19531 2125 
1617 15
77589 93865 59984 29324 3912 28758 2333 90550 29606 91605 26184 19774 91056 47934 70432 
1618 17
30016 59773 98289 41190 34808 30245 19733 97250 2216 37148 89628 39408 59552 27330 43601 36 16210 
1634 15
75776 5282 2981 36241 90605 69902 34392 18305 15323 87092 24468 48779 774 57740 42058 
1642 12
60376 28992 27676 39035 40340 3529 44640 60189 90029 33251 32091 80174 
1653 18
37098 38343 94606 23427 57035 29400 96842 94978 91818 93600 28095 28629 53375 28621 32573 13447 98634 85842 
1659 14
6279 53843 75181 66551 60276 19804 50300 56181 17025 42808 55938 76475 35568 43695 
1661 20
24511 85544 148 52131 38934 31834 63329 54200 78657 11558 39745 99581 61243 51298 24792 88907 35534 41620 75322 86486 
1686 16
75853 43095 71881 81903 27587 8722 82258 85775 84104 29562 51828 15568 44011 98186 6033 59290 
1693 10
70386 55806 70070 16215 87726 72509 87171 26151 36505 50156 
1711 10
77518 15318 22263 27128 86544 81455 87749 45685 15797 67380 
1723 12
78751 34302 93635 73071 74243 8285 12887 87936 33651 33745 95946 70344 
1732 17
66346 85095 77835 36969 86390 79532 95742 51465 83200 20354 35228 81321 69460 13456 36844 59602 13721 
1759 10
64819 93292 60003 10298 78093 13082 67116 27616 62170 83614 
1777 13
18594 13881 96529 65113 45429 12658 77184 12267 93435 89216 43822 45486 90073 
1778 13
8363 18335 44766 98875 51003 37771 18685 68698 57572 7926 71627 14180 97633 
1803 18
11354 55820 6187 40407 20220 4746 88812 30171 99296 65450 15430 29714 49557 60834 74092 90642 4666 39287 
1812 17
89310 81393 40192 89741 97811 38890 66766 85113 78702 53322 87752 86931 87679 65584 26813 54479 78892 
1813 15
15149 72561 86728 94960 8506 31624 41353 71192 92945 32864 86714 21712 58637 55178 97048 
1855 15
62318 68164 60793 73051 15651 59700 73047 95525 29595 99613 9069 34946 97531 58574 42300 
1864 12
30623 34568 78112 46864 18625 94551 54703 96511 52248 22717 43957 33943 
1868 13
26663 11514 31924 62025 61130 16181 68996 57376 50201 96293 57160 23550 7898 
1878 12
28574 48646 44655 84076 11468 55740 18070 98695 95668 54475 39007 33312 
1899 15
23284 60303 1716 62989 58204 38591 57857 20237 18414 54589 9339 32672 93748 42150 25893 
1900 16
2202 63098 78736 84127 79683 95164 85919 39581 74098 44343 23406 16673 50534 37072 5857 8321 
1907 10
20878 48874 51976 46720 32833 60202 23642 17083 80149 87661 
1922 14
28272 66594 78341 46302 47480 33006 83563 13471 10999 65637 56722 26616 61330 12422 
1927 14
40567 86437 73243 91736 23592 3347 37925 57500 25473 77772 33481 45031 32340 27236 
1939 10
23542 7946 5946 30426 87958 68505 75122 83143 18390 28572 
1949 20
24096 18968 82966 71256 98832 52845 2883 63589 5658 7767 96757 99572 99686 77607 75188 21318 29512 46254 41367 1416 
1960 10
15752 64186 67313 63258 35270 71320 30379 90691 79988 13869 
1967 14
43927 40905 58156 8369 33135 86026 92869 11981 43534 5236 44470 26335 73638 40595 
1985 19
21711 53075 17474 61947 21684 79703 44967 75766 36762 12654 85728 46771 50199 52897 15175 71188 21898 72046 77460 
1996 12
30382 63868 73587 26562 15683 24317 69113 33775 67027 34632 40074 83088 
2014 13
895 42773 40581 71397 61722 43259 45155 41020 47527 76869 10426 11824 78708 
2017 17
20243 5622 94563 97604 74179 75426 76967 3036 29367 17264 23740 62087 67785 57327 59125 8443 14595 
2021 18
1843 27794 71286 50373 37252 78156 81421 71534 35269 23418 32198 37960 74288 59167 34561 78468 12950 64069 
2032 13
37577 13151 26930 65662 30203 38220 13168 38720 45084 91965 24656 22799 74328 
2044 20
29958 39554 69029 71861 27066 89068 25945 63471 64546 92294 79761 7230 69976 59429 90947 34336 2766 73699 63723 84863 
2047 19
31450 16869 65400 85450 16253 81296 28650 75276 7932 37522 5708 956 80520 75223 44463 19298 94556 29083 10296 
2058 13
32764 85397 9370 20315 58545 36073 80998 19708 37058 96608 89966 65925 51763 
2075 18
24782 49072 84055 68423 92693 1448 18433 18122 39879 70852 86288 50393 41424 99139 69430 39111 4859 38228 
2079 18
81842 82091 87837 87813 10174 9323 47464 49627 13037 60294 65350 96654 24382 58472 72866 87657 49369 22275 
2100 18
35894 83379 59515 79502 1945 53743 8045 35427 46250 81719 30916 5865 23256 97726 54872 54967 94917 61905 
2109 15
59548 53017 16081 43212 31327 64071 9177 42324 84424 53156 39183 32541 35173 81350 12460 
2110 13
24868 61289 1347 39568 34012 21009 33033 89707 86964 76856 26358 51188 91268 
2111 13
29311 8110 26952 60105 43759 41618 6653 47961 10258 38453 6578 5996 88323 
2119 13
95209 12283 84550 27592 88212 23288 40627 4940 76818 93238 34485 10162 59456 
2131 18
39127 40821 96117 58267 57250 32293 28303 63610 30118 96149 83882 5323 4950 49793 98680 60033 99241 70660 
2137 18
70379 37854 56949 23621 64790 14704 36726 75376 26245 46404 93795 56775 24477 75016 88626 23019 70737 16397 
2138 13
5474 20154 37049 4045 49068 59919 70282 59528 76670 1663 43595 15015 25805 
2143 12
15678 17145 18889 34395 67372 79592 87144 21511 28330 86761 98833 21501 
2147 16
14417 21848 23635 69647 58874 70931 87523 88703 76154 69524 79979 39926 94883 66472 46721 70177 
2161 13
85231 60933 8541 77726 35535 42313 79403 33316 54735 11177 27813 90603 29731 
2165 18
39897 5751 15537 41707 31359 34551 58770 30023 31140 14905 34105 66297 7075 25994 34557 86229 83067 42089 
2183 11
28438 26920 80739 12011 32379 98029 97653 88653 28341 38033 74710 
2203 10
42602 14411 65073 2832 68082 49582 60445 70622 71567 36938 
2218 10
3024 28839 48324 13093 82950 12836 30564 652 69555 72808 
2224 15
51945 41920 90958 50479 21783 995 84004 50268 12718 21346 54079 63440 8599 99336 58266 
2235 18
18597 56327 81026 65586 75038 47269 39343 91372 60651 71171 90978 91502 94805 19971 4980 34107 31664 24426 
2249 14
51140 60533 62091 135 78423 97907 86150 17447 67000 66924 70160 1105 17424 29095 
2265 15
88338 46964 19445 2187 84763 21588 40925 61153 81633 79075 91725 67068 26519 79060 70665 
2276 15
16594 88880 49600 40974 53887 39529 60061 28198 83080 75298 80809 50057 59168 43859 22235 
2312 16
13823 98469 91794 81542 59775 68329 28085 36522 85350 71048 13730 49408 57537 96364 94581 52696 
2329 12
40712 29778 41841 26570 63990 19110 22363 61537 66853 32615 39794 15360 
2331 12
99421 67429 47495 77431 7728 99841 78051 95845 35191 82730 79548 86018 
2346 10
90784 3616 38852 62638 23022 5214 75265 33916 90132 2355 
2354 17
83836 34592 13855 85588 98489 36553 88758 95568 44082 64925 17389 84102 94728 10055 18980 43350 48364 
2366 15
77114 65455 49331 1973 51078 60684 39807 1659 49368 15075 93864 78503 31925 6938 90125 
2373 16
95985 99184 91996 57460 60194 5275 42763 81065 90410 29834 80114 80700 56102 33766 12505 2562 
2380 12
11146 42369 37395 29106 12664 65802 90457 11550 83028 6118 96137 75099 
2415 15
17257 74055 95638 94287 27490 83554 4557 80257 17962 42484 53402 36089 45738 86608 46548 
2440 12
36019 32503 17250 95621 29022 52280 48961 273 51054 38466 44569 95859 
2467 13
70304 27827 85154 61611 55542 59639 31267 18572 5245 85069 23946 79469 79900 
2469 10
60170 1645 27590 87765 57522 9735 97430 44522 67973 87022 
2470 10
41551 1465 55965 63724 17111 84926 76510 90674 41697 39710 
2497 14
65230 17597 10644 80191 81091 30941 41298 89009 2357 95546 66535 33888 86828 11387 
2508 11
92510 48357 88179 89656 1316 25993 73503 63695 41036 11189 65240 
2509 9
14228 44888 15991 42915 2006 72907 17423 16645 99990 
2535 16
91013 214 13128 6673 42348 30238 31798 82376 74586 89687 70731 84923 69875 11668 71440 91069 
2541 17
96147 57554 79040 25662 73929 12444 32094 41831 12038 54239 98796 43459 29965 19302 59039 14967 5197 
2548 19
32726 86711 57484 28728 32195 13294 33891 47803 86674 55805 45656 74100 75343 94111 84796 4499 79523 27691 52917 
2557 13
64183 57927 36464 41614 88848 88147 37269 11910 82808 12946 36888 71911 72443 
2565 13
67723 13699 1357 31243 98444 90677 53394 60023 92265 98761 1581 45078 77450 
2590 19
59603 58315 54953 97615 34053 70859 83513 78111 45635 29997 37688 5742 48875 24522 45069 66541 90452 42927 81087 
2598 11
64464 27840 1537 85206 47813 69476 13580 3615 30837 77400 72870 
2614 10
99384 88518 40388 15457 15353 87271 25308 77377 57051 23991 
2652 17
63502 48851 9734 65446 65701 65834 15734 46407 67212 89908 63606 81516 91425 44178 31093 76209 22805 
2655 18
57456 69053 78284 5767 89725 80016 55319 79903 81355 33581 83632 64957 16138 46808 68865 29910 84924 18033 
2657 19
12476 24266 47663 66936 60851 70935 67057 20372 29608 68893 46433 83921 86839 36709 69036 14268 32792 86153 42175 
2664 18
52093 54995 84514 69525 70202 65434 57718 47150 73448 47589 80596 57976 96111 73485 91693 60287 30059 39531 
2672 8
27729 54642 68276 33951 91066 44652 16339 84731 
2678 16
35126 76421 29041 77250 76691 1318 76991 17356 90922 12219 29025 57883 69205 37851 36316 67809 
2722 12
22626 30535 63545 91360 98911 75712 85352 91586 2495 75932 68648 63596 
2731 12
40647 29909 66571 86934 95506 34970 26107 27455 94610 81787 83470 64858 
2732 13
98643 96872 34513 60437 17453 48868 58308 61549 12612 45352 30026 16158 32601 
2737 19
1780 35484 13839 78710 64827 77444 89450 43703 40330 3905 46156 80130 33748 31512 9560 3325 25708 87118 78758 
2738 10
60345 90672 99070 51020 79375 85669 11467 29926 80013 87867 
2754 16
98693 4700 71756 52108 65435 63882 64367 86571 64840 60594 64036 51675 69218 81834 65303 35310 
2776 14
29441 93717 21246 78989 59690 6571 12399 12978 50711 85673 20680 39135 18378 45737 
2780 11
54424 98827 70184 97426 40610 86432 47502 72895 3601 46232 99557 
2786 14
37310 15562 29626 88803 99560 10714 7537 53376 38790 72419 55427 25368 27246 34993 
2798 19
62930 13972 5547 90997 55073 74714 25320 24639 58337 28463 39151 96876 7485 46101 79291 3363 51701 2298 36023 
2819 16
53398 37738 73219 94870 3543 84131 84230 49564 70051 75810 11173 30728 37410 66875 43177 43189 
2826 15
42833 27031 27319 94735 69989 22339 89284 769 37111 6595 9304 17651 40478 8700 42370 
2830 18
73779 43765 27169 2816 85802 50999 24754 93477 11521 52506 81508 66058 69904 2023 22923 62515 3571 65030 
2837 12
35309 91512 94003 93926 70238 60348 50938 43769 50798 57761 99704 42141 
2842 16
35329 35245 86651 63993 42539 70850 4957 56372 64561 9960 63719 78882 44434 38625 82656 36178 
2844 16
80140 68704 60242 42675 33407 25923 36905 54250 71923 7206 26121 45857 24330 4865 37364 56319 
2863 9
58684 99870 11046 70638 855 51663 30562 19056 72313 
2882 12
16292 6626 34082 78934 24478 34255 48828 54090 7897 83698 130 65860 
2887 18
52250 93017 80591 79304 49005 85103 45836 69447 85251 22640 59569 83250 38765 9226 99720 51033 49829 36666 
2890 11
60955 55383 53382 58072 64427 8520 58129 58257 87869 4120 59460 
2900 12
63775 64218 51805 28661 71673 15207 47321 5624 8159 314 21725 42158 
2904 10
19713 55723 27446 60058 54135 43181 31835 94923 42921 91335 
2923 15
9779 64384 54171 49587 3340 19756 20732 51640 17764 89943 87908 78873 84721 87323 9340 
2926 15
54429 40328 65807 38518 73405 71063 64459 40243 766 79790 1535 3508 43807 58374 28810 
2939 19
15294 83578 71221 60020 34818 48044 49061 44832 86735 92297 94255 58811 21792 20079 38351 45175 11719 82135 43139 
2941 17
26702 60521 48683 74413 4640 83131 84005 93261 39396 39976 33092 99409 66681 88228 87413 6628 15166 
2942 15
98932 81564 73004 90045 69898 19722 39100 23015 82493 25245 86813 6497 62440 54930 5417 
2950 16
6025 33043 81137 20163 83459 42157 56749 63046 2368 40220 8942 7142 45889 60688 85026 51902 
2951 17
56678 78981 89841 29082 54790 77734 4172 96783 66648 86411 34519 42972 39796 76428 23275 1931 10617 
2957 20
86534 61837 54493 55932 85993 47661 92555 23816 30778 58996 9027 92453 65272 7117 98914 14432 47103 32919 53080 54888 
2959 18
10966 79181 53266 21030 24428 59342 95288 7950 45449 90280 52491 34390 37926 52099 87495 47127 93502 50771 
2974 9
35412 22104 91679 60700 47619 26510 72919 44150 80041 
2976 10
57087 71809 78019 67248 96358 90825 69552 74210 92701 38303 
2977 13
55942 3911 26975 15505 5806 59016 22277 93384 51874 12353 17198 1255 2309 
2986 12
14964 42996 94600 90172 9746 5536 75541 18884 10776 36128 79125 6110 
2990 12
1694 86907 18740 19416 91454 21894 92293 59140 96168 91357 55196 29099 
2991 19
36568 80187 71546 18985 82300 90602 69656 35481 465 85266 16259 37044 60312 11897 37961 44075 3424 5604 11800 
2994 17
30713 8702 63097 79064 92299 18592 89280 10665 42543 28101 50273 61227 1889 95636 92873 43842 48952 
3008 13
31683 8538 11958 30813 24130 30115 34054 96931 18518 84471 22516 75415 99357 
3022 17
38872 59416 25983 90683 3416 14072 61920 88733 30140 79857 9564 78659 12561 6089 73124 18402 1628 
3025 15
89152 795 16177 78860 23992 75910 39219 13068 78581 12837 25569 2813 33754 62511 14804 
3045 11
67923 68613 59391 56856 5849 49542 49107 602 62891 60553 39703 
3091 14
24479 90370 33403 33875 78266 8607 29249 64373 30466 11278 50612 37800 86977 57247 
3092 16
56358 18211 77378 41758 28130 53688 43220 52121 52667 31908 97590 45266 68998 61478 76547 85027 
3101 12
24305 6878 34435 77971 24957 99413 60810 9716 72667 27359 67866 52834 
3109 8
89613 84480 5398 93747 52392 90908 50905 77712 
3128 13
81527 67020 40186 96054 45531 36617 45471 50377 60198 67480 66658 88021 20388 
3130 16
88641 56914 23567 26726 74557 21113 79652 92289 51923 61595 31519 1414 82904 71423 16468 33482 
3134 18
34939 78031 35068 85767 57795 66699 51206 76660 34373 24736 76719 79014 48041 56152 55714 67351 57609 96407 
3148 15
36813 23400 48541 32967 20102 41864 87563 95340 21022 69943 87166 23660 47631 71769 63389 
3152 10
48423 10018 22019 41727 50598 10849 5805 1180 44714 84410 
3162 14
45853 15787 7200 44136 38786 94050 36009 56030 48889 90027 92112 40323 50177 46635 
3172 11
96240 71744 47058 49452 63434 93592 60034 43269 79747 64521 9062 
3192 11
48592 87211 76950 97915 93968 37464 80379 30196 36237 2209 96441 
3211 18
23753 51082 33432 45273 57344 60062 80958 2888 42423 74216 75480 17693 71341 890 21718 8863 93215 87303 
3212 16
88095 84954 4550 17702 36599 75898 15474 26592 29924 98398 9199 703 85403 17078 55051 44512 
3215 18
97697 28626 87224 87041 76153 17979 23408 85996 45484 94834 56506 16565 29694 9127 56551 48973 12289 85233 
3218 13
97500 37840 95143 59691 5162 1010 52401 23072 46846 86848 23405 55521 65795 
3229 15
99601 45433 43290 25510 14939 60149 43248 45081 10429 35511 9100 76434 96380 65445 74019 
3247 11
90099 18090 32734 93240 81926 30501 22884 66506 94655 7233 65871 
3258 13
30095 45434 57657 54329 95274 99284 71469 12543 48024 4559 29180 77319 40100 
3277 17
23432 19826 67204 68496 60395 39549 39314 30216 39191 18635 96648 94314 4816 13431 18984 15674 29145 
3307 16
60928 23112 62701 61555 3028 29291 80457 25869 44376 53292 74641 43229 19159 24629 68951 24765 
3328 12
66257 60333 26713 68887 70920 47850 26667 12262 57902 80203 16127 7347 
3331 11
69768 65361 96228 33693 10894 82845 37966 22790 34050 13829 87848 
3334 18
70502 52459 66019 8390 3390 74193 78535 25209 1165 72123 87949 95596 9662 86180 28291 67012 49268 18424 
3342 11
72979 65979 39507 52081 84123 4931 49654 44990 9122 9498 96178 
3347 14
67037 18047 27081 63909 73956 39798 79488 46296 86885 58386 73455 63417 56624 24924 
3352 12
70537 51576 88278 6699 94067 61459 94089 8964 16546 86334 86456 60306 
3369 9
44346 36496 1077 38612 50739 19956 17204 15038 49076 
3370 10
22251 63608 11899 26142 89549 70702 55538 84713 11541 42678 
3376 14
52944 45742 46074 5317 4966 5472 69567 69095 33396 43711 80503 53369 70632 42109 
3391 14
85516 8278 90087 43068 91595 86483 12530 16084 83840 58357 46689 37570 15023 35485 
3412 12
5991 42162 64487 19567 57935 18833 78420 35233 62816 69278 2961 17186 
3413 10
11789 23259 7166 56065 46956 82597 80404 70750 44479 93981 
3414 13
53780 47681 60498 46162 91806 37748 99745 44167 50822 36473 10709 61996 28869 
3415 15
74564 55114 76940 15130 10811 51104 11174 9039 67042 61919 5836 68213 68404 57367 56476 
3420 11
37876 67460 57729 3386 52101 56510 92850 11895 55407 64815 51528 
3423 15
76678 33003 62122 39312 39192 82192 48157 27132 88752 58117 26412 25385 4815 75475 84195 
3428 19
612 47401 28439 69864 36727 51354 44929 88298 49856 49358 71379 56796 53296 25787 94797 87468 63123 39161 61709 
3459 20
33307 1678 87515 77920 8575 57400 24874 17120 22522 25755 87562 75515 71217 55157 65964 10876 12206 53358 28136 97886 
3470 15
20558 98740 83206 73037 46955 33836 78132 77800 56067 88324 41087 72116 20222 44068 23632 
3473 13
58628 74712 28388 97635 32208 16736 23666 89557 29757 95151 56850 87775 2789 
3483 19
90279 42098 11010 87119 51336 82304 72828 94901 909 87024 94004 37523 30642 18848 91934 88637 38455 69536 1098 
3507 9
1983 45935 78255 90321 39656 49256 12840 28944 38983 
3520 17
17340 84153 15055 25285 15549 93530 6933 54409 58047 64111 77097 8184 15673 42699 98266 51922 82462 
3525 19
60690 22992 53202 39839 33222 88124 26248 28338 90138 4701 9648 72796 5122 89782 54655 97816 80204 11729 99793 
3536 10
84469 26612 2153 91468 94519 7099 63716 30838 82930 25393 
3546 9
83879 46983 76616 55898 55536 84271 46114 29226 46370 
3548 11
40089 7620 43615 85798 98495 18494 15037 49240 69461 72581 62046 
3550 14
36462 62814 67059 38174 48062 59389 60417 30761 44797 74796 25997 9428 61815 77749 
3557 19
32255 10628 92543 46084 91890 67424 68202 72189 29299 13712 49773 74202 74924 88257 82178 48606 63197 73815 78521 
3564 15
77305 1094 59508 5687 67647 85539 22124 50257 92079 62024 73121 83454 82267 61102 45590 
3574 13
50312 1382 5396 89510 93652 95404 92606 27826 52862 98427 39596 28310 39552 
3591 17
74472 78294 24699 36412 43479 82769 97822 69047 27866 58816 83310 47889 41652 85637 7495 75978 31468 
3593 12
28053 34994 54417 67321 86790 4356 93767 97806 43298 25849 63730 56321 
3597 15
30212 95110 15572 44464 11413 10118 37962 76133 26650 84345 90342 12667 73670 55285 59146 
3607 14
35202 29078 33124 44785 57568 56818 3480 26689 71238 91775 83853 53176 76851 27064 
3612 10
12164 75570 74097 94125 16598 22854 26970 15834 60652 25134 
3623 12
51326 56935 2417 54320 53344 75668 18974 13622 50416 89642 23510 74106 
3631 10
66266 86143 59251 30548 40965 12851 11774 22869 64207 67343 
3679 17
43919 30290 53944 77953 73279 33897 32628 49586 15648 91484 54193 20209 39446 8895 23169 73820 64846 
3694 13
65797 5169 23734 15275 25839 18790 41072 71694 35134 336 51636 6270 8169 
3711 10
66276 17726 34930 47876 95741 8848 82492 16800 20217 64302 
3719 15
98025 81004 47367 34807 37449 80832 26483 7953 41713 89283 90708 38987 23489 97039 94938 
3726 13
25619 60925 84645 55052 4363 64035 32226 36631 28561 28990 85115 64529 98339 
3737 16
43158 47737 85327 59688 21489 49181 88312 12565 21407 70424 43515 34756 68991 84845 12217 59149 
3740 18
81339 63558 58495 96736 46351 16097 27039 89604 66815 58097 54151 40681 68795 37086 28429 70126 74579 70845 
3742 19
22010 98741 34927 57230 19787 93305 38617 40542 24138 39609 38515 12235 70768 90056 27890 10046 45008 53473 43408 
3766 11
97610 53710 23121 41609 98159 72504 89793 24788 22781 52837 96098 
3774 18
99852 16820 87531 62564 64308 28910 50395 12810 35652 31987 64044 4848 78004 74135 39444 74696 9862 45267 
3792 12
75482 9826 52065 47166 8578 32753 92435 66718 98249 1767 52854 1063 
3794 10
61049 77809 73939 2033 59590 20429 67482 64506 75484 9590 
3795 9
73797 93681 16388 72062 3783 28233 7354 560 63779 
3799 12
88472 15914 61032 80779 15463 19530 11880 58789 51969 39530 10226 46694 
3809 13
62002 1735 42530 86093 51822 74886 76234 57952 18727 36488 63510 50129 59913 
3840 15
96164 16237 5334 57288 77180 16075 82945 78316 22963 81718 85873 35383 99721 87178 21985 
3852 15
77060 83839 58777 48069 187 72242 77869 53683 15380 60599 40172 78232 30191 74830 9965 
3854 19
2245 69562 45850 55034 6534 36681 23466 80787 84046 23882 76913 94929 20817 92790 32246 28893 28622 27739 34562 
3868 15
35657 15235 78867 15483 8246 20585 93556 71860 77797 48204 36551 14853 79373 45565 38492 
3876 13
61517 30773 39365 82329 39322 60734 96222 80512 74294 41615 32338 68830 35264 
3882 11
70321 40561 11716 96397 59879 49323 14591 19096 69472 15361 36839 
3884 10
48650 12359 67465 48563 79821 16854 29028 63567 13120 35026 
3892 18
20053 99035 36386 94948 62900 98800 67317 71082 22403 53692 80893 32622 12462 87941 42265 92764 86775 730 
3899 17
77763 94267 65256 57756 51086 501 14286 3164 37706 31861 61790 39555 53892 62006 96065 26833 87204 
3906 11
83516 87685 94329 6030 36478 8468 1949 67311 45066 91591 49262 
3907 11
14146 45631 92245 99279 42943 25060 34950 58981 27219 33825 39237 
3919 10
90734 1184 40245 66590 94347 4461 89941 15819 56056 69802 
3932 14
35609 76902 56522 59960 50601 80363 64017 70752 82149 49927 29211 2929 77422 40438 
3938 12
83826 75092 43547 68684 20791 92820 70893 38662 16110 59885 37595 12180 
3944 11
31866 21773 39648 64848 31687 72868 71849 20268 340 45395 24737 
3953 15
78057 66720 54495 88667 95826 11603 32155 95955 64015 64680 38261 15550 80813 28280 19290 
3954 15
82309 60846 65040 65492 41916 94482 73802 34879 29964 5135 26948 53931 90743 73483 41484 
3967 14
45867 5029 98150 3934 81836 65345 82439 78523 89256 37267 16002 78743 37839 9551 
3978 17
83202 79777 64383 38070 30858 97688 16539 63814 23535 92462 8031 64152 16469 14252 22060 37725 34379 
3981 14
34633 47001 29189 15513 11556 21890 16378 53195 24824 8408 29157 4900 51948 28564 
3991 18
13418 76039 74394 60091 84748 965 19820 53412 90156 47613 18276 14943 89303 14661 49440 63001 46311 59533 
3999 14
97302 56661 65489 13657 77440 48817 87352 3733 68419 12382 98584 34483 51204 22678 
4009 16
68550 23720 11151 46566 81097 470 12842 50902 48518 10299 19945 22849 6223 12036 88274 27711 
4019 18
46896 75900 24748 73502 77622 68577 8242 4418 93507 11158 45883 22638 28194 97352 70984 86048 97287 17988 
4037 15
14868 98773 10238 57868 36940 47427 81436 84441 54646 25943 37484 15345 90516 79528 56820 
4051 16
80213 29030 33682 40497 1372 62246 65163 53869 98700 80069 68216 5515 8125 9620 17333 35248 
4055 9
62326 20119 72834 24286 46505 87860 89428 37116 22090 
4059 10
95569 62569 88056 12229 19054 3166 23918 50230 86716 36425 
4068 13
72005 57186 46190 73470 64187 19220 53021 24237 75385 93308 25918 48269 79609 
4072 12
49199 82737 24964 45975 79313 66899 40813 72640 79547 20232 68899 27998 
4073 16
2359 68855 46024 27061 80978 27832 28100 74354 54761 55069 15461 10082 63376 53563 26997 42866 
4074 20
2184 22232 75565 60749 95481 92803 66165 33235 7282 15039 47160 87003 95431 39999 40629 87243 71391 99133 31062 87114 
4083 11
52309 1959 71983 16089 20469 17715 23437 67135 43990 92141 3262 
4086 8
77228 90228 78895 30170 66900 14904 35575 4242 
4101 13
2013 20012 840 65631 92118 16166 39838 8983 65510 30611 37650 97993 58277 
4106 15
20739 30996 4571 44682 74113 28660 60014 84662 52055 91470 62699 32081 10172 8488 45410 
4112 17
572 27645 65305 35584 7423 49884 67144 30218 88453 95395 72854 20577 8516 8967 68058 46917 13957 
4131 12
45653 30117 90919 99152 45591 75013 24381 41250 22028 27471 4836 98570 
4138 19
7028 92204 45568 17444 74424 68663 55497 97831 57207 16048 41421 45495 34073 96595 37046 67693 59332 57000 6958 
4164 15
87460 40738 44932 35906 4947 4903 31466 83030 32376 84170 36802 5488 29670 91515 83957 
4170 17
24690 78045 62164 13380 21707 9654 8546 56800 84045 22287 52006 39584 83717 62841 1918 80354 61321 
4177 14
7032 76985 62027 7074 53773 4981 92357 55037 9436 7999 46104 29695 96601 46241 
4193 11
82470 16068 8596 29869 52011 58278 97482 99564 34675 49397 24403 
4231 18
22830 93013 28 33514 81509 90565 37715 26108 83453 7049 6070 21764 96225 17548 68464 48429 52359 24035 
4255 17
81866 56287 86341 86205 43634 64636 77860 30433 96564 67242 99761 82795 26711 80831 49819 63616 36939 
4316 17
13342 77513 87587 71294 78639 27151 14926 5208 69061 37870 24007 33788 99961 59990 26179 66447 18902 
4319 12
92950 88250 64662 24612 49885 83203 61789 67521 5288 28815 31577 7365 
4320 20
22018 18150 77437 64836 72292 33109 38599 830 69719 23979 62707 6675 89483 1680 61953 42132 17619 48582 20351 15289 
4330 10
96715 71274 72368 96206 2290 80442 97836 87042 6287 52496 
4343 10
98181 6854 2801 51840 27144 14267 30423 98499 63682 7638 
4380 16
20565 20263 43103 66833 52213 38621 93492 44273 11324 61185 42963 18963 5229 46072 45042 21474 
4381 19
21975 38669 40460 18215 75947 3505 1852 49126 46161 24950 38524 47841 58217 4894 89736 1734 31979 50195 54841 
4386 20
55589 76411 81146 63486 27770 25605 55159 51559 8144 74910 53983 20278 58984 1441 41768 41057 51286 70149 2757 50686 
4393 16
41944 37998 77553 23274 45930 83247 45703 7129 95520 61800 34591 90953 56902 96102 1359 28106 
4395 19
66605 93942 77725 91034 9978 90725 91851 84928 93784 48010 82899 80554 14023 68609 78663 12772 69050 97933 19596 
4397 16
58227 62566 70596 57816 78149 18659 1045 63839 88370 10042 47282 61075 41856 22832 5263 27853 
4439 17
6785 40174 54368 72389 91600 10386 75771 75100 39744 13903 11204 24579 65954 42593 99588 30114 9881 
4445 17
43752 62825 56712 43633 50809 86879 77720 60268 59127 73055 42766 32619 96486 73735 63365 88140 14088 
4457 12
89928 29127 89588 72070 43625 29944 10762 39188 52833 87383 13166 74825 
4460 17
76084 82131 56836 43208 51201 95798 36327 54694 35789 42973 12804 69675 21702 98425 25169 8319 96436 
4506 14
46480 38358 68459 32001 63107 98349 69560 48250 39993 93152 7121 5368 88297 9268 
4509 9
83217 73001 6341 71811 50580 50063 244 1256 5678 
4535 17
77091 28322 69520 66425 25667 36600 7516 58582 4879 96236 81877 23752 57008 17603 59703 30949 28816 
4563 15
4685 90525 60440 77153 89260 9803 34839 77888 72835 57610 13028 33076 98262 23443 50753 
4582 16
52467 79193 88897 60147 82478 36441 29228 67075 34486 23834 93482 25238 28841 86592 78386 98085 
4589 17
15019 60847 25544 63137 69690 7474 16290 96657 57543 85547 13094 68905 21652 37167 42443 35659 65364 
4592 16
22756 11984 50130 2737 67041 94241 7033 56565 66520 32609 62166 73461 71248 22769 99838 128 
4604 13
82423 12035 96775 63847 97600 66708 2724 98772 43924 39649 41997 15376 5038 
4606 11
34227 44605 93551 45877 24020 57936 40242 93740 20684 78370 59143 
4609 10
45675 27165 18618 64112 14716 88403 23197 31435 4505 98779 
4613 11
64159 4585 38373 64138 12729 81600 17347 7768 61798 7670 69642 
4626 16
40041 93171 5871 59185 72668 43299 47208 61425 5799 55430 41373 31619 76669 47575 12639 27547 
4633 16
16590 73972 94199 38658 20706 26653 1542 27747 16914 78025 5107 48799 55488 15868 51555 542 
4660 16
39466 49130 75421 50666 72867 62952 34629 82664 6364 10404 18015 49197 68486 26081 53046 8268 
4667 10
89879 60890 71524 10076 55608 13365 17554 90290 77300 13143 
4684 10
82189 25207 41616 57563 14547 75207 46343 85546 58392 63262 
4704 10
88817 45187 66137 47679 26048 79826 96939 11965 46492 14343 
4705 17
37941 9691 19051 51664 92431 71928 26982 33664 24661 95102 66365 29112 15961 28939 58350 46654 27498 
4707 10
51038 61388 66824 22690 60478 95990 17278 26328 32447 85339 
4709 15
47659 2950 48454 95146 2618 5092 99015 23260 21958 22896 56521 83375 32335 17018 99818 
4741 12
88558 56904 7262 14982 46894 79541 30807 40058 11211 68621 77687 79975 
4758 17
41803 61417 26076 4552 94218 63986 2686 74497 91216 47525 54287 37923 92408 24709 23928 99010 84347 
4801 12
27033 66706 40202 66669 31314 86630 6454 69639 70761 85702 23200 2688 
4813 18
53605 80961 33887 79227 94508 33141 80938 1619 4381 44893 81110 56513 40613 80023 46409 61968 4925 70504 
4819 10
31965 81331 90984 557 60756 75208 60731 84548 26213 63796 
4828 18
19797 80928 94398 54907 45350 91043 18825 91838 30359 66981 28147 51609 32776 41459 24202 44288 11114 21408 
4830 16
90407 65869 44469 43359 19407 52179 90737 12587 47652 57205 38252 297 16188 9797 60012 31810 
4847 13
86820 85766 16173 11089 15764 39814 43770 18218 28196 2851 78893 49101 81475 
4855 19
21275 49002 1671 85241 54726 96900 61253 51015 44135 42704 60112 68090 48909 46226 50795 27092 61824 74976 66955 
4871 20
920 12492 79041 29616 52743 42134 10014 2030 11543 55914 58146 68337 17652 50357 83073 98377 18945 17164 66996 72701 
4893 12
28005 30989 75560 30105 93129 56984 77511 45773 96674 37160 4774 29853 
4899 14
84137 80821 62154 76791 9500 92872 86865 85295 27080 48682 29330 73846 74215 65691 
4924 18
92541 59614 93078 48782 56151 13354 87012 66749 44645 21951 44115 66609 99110 59889 33792 71417 66797 6532 
4954 11
51508 54932 16131 73161 21048 24713 10858 81777 47674 50514 77046 
4972 14
58899 97998 24293 77302 48452 78871 10804 64964 69628 8511 95446 76641 85810 97453 
4975 16
46795 82202 31058 50453 59131 4055 34111 44093 17712 31660 9209 95820 8832 480 77534 27153 
4979 15
55331 34099 5945 52596 9990 18678 82888 57151 68539 69293 77280 17766 52458 98510 37300 
4987 14
97016 98236 77044 19561 82912 24986 83561 76805 41791 85808 10586 92545 25111 21565 
4991 12
94539 71099 52266 11289 6206 32386 29939 65955 12143 40319 65617 99227 
5002 12
23352 31469 26815 79017 56284 79583 4951 10707 62072 18834 62394 74901 
5006 18
54828 50106 68314 43268 21514 30427 91079 53649 6050 25614 12938 18289 57867 64415 76702 95257 35815 39830 
5013 13
12961 83254 39938 74158 67329 74804 99669 94442 1295 83357 64550 33940 96735 
5020 12
72364 56306 61717 28296 24078 84053 23908 97385 71679 34753 70976 11335 
5023 19
71227 57179 42712 75447 32205 66078 8667 54788 85676 13803 72850 31201 82184 73933 50887 5825 90649 87136 44869 
5050 16
82370 47576 99354 87247 41597 35893 34949 39820 81078 74916 34350 93662 58581 3928 36060 6422 
5064 16
58186 1436 904 23729 76181 45071 36767 31266 55912 84578 92927 43448 51920 57941 56560 65751 
5065 19
32542 28614 40458 9950 71471 311 6870 20130 3096 69453 75917 99038 63892 77520 71880 28703 62380 89812 99758 
5079 16
40742 22152 33243 21014 89780 72914 5740 96146 78166 56289 75525 65431 51137 81583 39335 76030 
5094 16
31735 82605 42126 66827 68166 73576 49277 45437 35863 35148 67580 88548 80524 4146 24566 34413 
5107 10
26124 16207 99782 91670 89436 71935 42282 90546 25261 74495 
5113 17
40419 63919 27943 83827 9777 26368 96410 87593 26672 92685 69790 70484 81601 21533 4515 10913 69974 
5114 9
51753 19101 39537 10816 64125 84008 21348 17830 83395 
5123 17
68230 22311 31182 94583 73875 87725 4620 44 33095 44326 87570 18712 47057 32289 35623 26371 60536 
5134 15
91032 93992 97031 41345 78271 77120 73307 68890 41570 6727 98153 79664 97582 10421 62796 
5142 12
89850 85622 72067 21438 72353 56963 94670 25283 94091 84764 38870 98935 
5167 13
46379 34460 91696 36994 72007 38237 93921 73438 62964 19003 81952 93693 53574 
5171 20
16578 35832 10543 49129 52278 83485 98516 58294 59834 71222 53013 31258 22050 72825 72316 8111 32968 57161 30835 80163 
5177 17
65536 98745 39707 40377 87343 62448 97785 37729 12620 93683 40825 40640 55279 31518 35665 63765 28931 
5179 12
90694 21367 63971 51946 92395 53451 19886 17049 37816 19435 56178 42878 
5200 16
739 17045 73487 16919 38119 46191 66843 3784 60888 98368 90506 28276 60617 58521 59035 60677 
5202 16
18250 60356 31782 86155 19273 21096 65496 84690 58369 62898 97824 34541 87187 84619 58381 15311 
5219 14
22188 22397 30980 48243 90846 11650 94762 15058 27426 2318 89641 50308 86054 68110 
5233 13
16523 64931 55260 55282 47707 1232 25607 93476 68560 88677 78256 33531 44879 
5292 9
89811 35718 63012 79406 18357 68171 8503 56218 70906 
5315 12
89245 54183 73952 51460 60702 9001 1134 83558 576 19028 65764 70880 
5318 15
34553 38493 66705 59135 94052 29359 71731 32258 37329 35842 77232 8678 75354 37444 36895 
5345 19
860 89116 97852 15602 94530 98257 32964 24450 62392 72349 11138 17624 31374 36536 95436 90912 13629 30131 56301 
5348 19
2519 30289 22038 37958 21795 43951 27669 16521 30371 60666 44592 63951 6144 42335 75228 92159 70428 9820 44219 
5374 15
33074 40168 84393 50546 61236 86331 3151 82644 73312 10324 91279 75704 27044 68019 91574 
5386 9
87326 42897 50928 65754 13760 65753 47129 43464 4963 
5388 9
31625 29262 22454 56049 48235 16596 47577 68884 6239 
5390 20
1629 26973 91957 41659 46059 96555 76674 98409 37734 9937 80485 5053 65140 61675 83944 32506 75021 41223 6763 41258 
5392 10
46929 67987 59234 84161 43071 91267 24569 94717 25586 80471 
5423 18
28551 31739 46430 95207 35455 45970 1409 9815 55156 1773 50200 16272 94963 49455 70050 8351 21946 59012 
5427 14
25335 48764 78939 92912 33340 16191 60495 95337 75811 28677 37203 70834 13678 96387 
5438 13
94553 87397 68452 13272 12924 41381 44812 6373 76256 89930 49632 60056 527 
5444 16
10256 61132 20854 3652 18930 47063 84560 98166 48021 6503 49271 18787 2622 53417 65462 48914 
5451 9
24619 97843 43091 96027 11394 84604 98744 66624 79931 
5458 8
21729 22777 98 75330 29942 54394 76266 98801 
5475 12
99610 45774 19059 60277 61387 50627 58240 80711 78436 97530 93378 49320 
5484 13
66854 59674 41165 22448 97383 27715 72129 34300 37417 13019 34213 30386 43379 
5487 13
60382 97870 90458 82825 3620 15775 19143 10765 92934 87294 20437 93732 81905 
5491 15
13346 90695 81691 16063 83529 23414 42612 68770 17760 44393 66873 64717 93423 30253 7328 
5502 13
50235 538 37230 86072 95575 44134 31933 74739 59022 87547 66290 7192 77010 
5510 12
66083 80974 15448 45455 23029 61620 49426 63147 67104 78494 77436 64469 
5513 15
56844 71501 87634 44137 68500 31381 87175 49374 65210 58261 4574 3443 85906 53280 39013 
5523 15
37009 89131 33580 80571 36834 44354 48363 65454 67081 31078 64293 17531 95018 31675 18711 
5555 16
43114 41617 26780 15588 5128 48511 40617 72557 77368 44824 52666 43089 53231 21604 3773 88406 
5558 17
81428 23092 84504 85980 52752 80896 57283 98107 43492 55631 73892 25135 79856 489 13453 69716 8906 
5561 17
78902 86943 89336 22333 83556 56036 45745 16694 95691 22956 46088 19769 60024 62957 77839 88233 66602 
5568 13
11989 65855 66563 40116 15721 70548 72568 11333 86322 83113 17432 45053 67294 
5569 13
64850 34230 84254 59384 3796 62797 42224 9565 17805 83966 1429 54440 49204 
5580 15
59124 56641 87843 70417 51678 17189 80063 46759 17645 44945 56542 11071 34412 91608 74674 
5590 13
61929 48678 15804 64380 6726 97946 32891 83643 45621 20555 95129 55291 82048 
5635 17
71504 43377 86870 54205 61221 25642 60210 72732 32143 57236 21248 13394 85062 37473 76916 50090 23086 
5664 17
90558 48407 99451 46966 62042 59453 89379 79939 64089 71750 23238 56387 74449 23990 26666 35355 6082 
5666 14
99373 64346 99441 57402 15219 98253 35070 43426 7042 59019 57680 61210 78212 16932 
5707 18
77110 55450 94206 85162 73003 64178 76052 46879 82908 45800 24447 88993 1421 29307 52522 69918 49598 10591 
5724 19
83428 63547 24578 72830 21401 8025 43701 12844 3319 16663 13122 89956 53478 4331 91251 9003 93722 19536 64761 
5745 12
61327 72115 49893 22087 87861 61928 50062 20016 87420 52776 27806 56339 
5760 15
36200 35401 58642 25516 31579 69294 28307 10971 56581 3841 44614 32273 1536 63832 27303 
5761 16
90886 19707 82127 82537 22202 10195 13204 17367 70757 59747 7101 77951 51586 9465 58848 84117 
5765 12
68457 4691 88576 21176 65957 54227 37791 66855 89199 15756 6430 86956 
5771 18
86501 33122 1209 24242 99914 72219 64988 59863 66534 3612 93974 75809 79899 54432 93188 49265 33987 61655 
5785 10
55510 97065 13117 2722 27873 98075 51998 93967 61578 743 
5789 15
54566 87405 50132 13429 62416 347 78124 30447 69491 16737 31614 89758 34964 5401 97026 
5804 16
94485 99751 90819 91571 51893 4467 68128 41712 8105 22763 48473 8102 62289 5917 30618 34521 
5805 12
750 60441 10948 44922 26733 42579 11382 89107 38167 17515 42416 17082 
5810 13
78145 7993 28584 21603 78493 86804 63360 61998 92677 51085 74309 74884 81225 
5818 17
55359 1281 66216 84011 40475 91785 98400 34960 32589 35342 70993 6644 14283 10087 51908 72617 63941 
5823 13
88220 13532 49895 79718 66275 24400 55451 38145 9684 56423 86849 73523 62045 
5830 19
60649 78489 12702 23539 13259 72476 72903 38494 66515 78890 31295 24291 6634 69900 66499 72095 48468 88894 19095 
5847 9
64299 22096 9141 22601 17810 42790 21172 7677 13962 
5849 19
1608 97553 99523 2889 49834 44926 19152 79817 15196 89578 13806 75944 11766 80951 45652 45671 15950 45274 80858 
5857 16
6504 40680 22716 72811 85184 94779 99699 7444 67607 86694 44471 65193 25390 58643 76320 32808 
5873 18
51111 71845 52916 49162 80581 64148 25664 54746 72106 31494 34432 30683 68214 76811 97334 11228 45383 26816 
5876 15
53279 22973 35316 4507 63167 87358 2520 33224 41663 33647 24128 28293 8728 7802 24039 
5890 13
45170 21303 87132 51014 54564 2906 38068 86418 6903 59698 74252 21789 60359 
5891 11
48017 25350 2756 89445 36973 26637 33983 45755 61238 9692 18676 
5895 16
85487 24176 39803 59011 26288 48597 70738 46911 98518 10235 32811 76260 41462 18396 23350 93298 
5931 15
49252 96836 71799 99511 9728 40080 44063 27522 96216 25042 49678 65322 45909 33896 17093 
5933 11
95523 56989 57640 69265 52059 80946 73147 7410 98996 33213 67783 
5942 15
28518 16285 38755 7265 75667 97150 13868 36810 46122 4449 9609 84071 62284 71138 6297 
5958 14
65932 50632 96072 60735 18850 4648 47287 9834 27937 54633 60812 47833 13552 89182 
5961 10
63531 90312 96351 96935 28828 12167 61363 94338 7684 10454 
5966 16
49097 54755 19845 83074 13419 31161 68638 84774 24337 44632 37855 87237 52220 27856 71086 32717 
5971 19
29132 22135 38344 22971 30555 74513 36326 83747 37400 48281 66882 70249 29902 46878 26586 59170 89985 17058 33269 
5990 12
24991 72817 55817 8844 46525 27051 70341 27750 71709 57778 24689 35951 
5995 16
38772 90526 8454 92649 70187 86189 54699 76006 75261 93790 40256 89458 55937 23802 95170 25136 
6006 13
70357 1566 60527 44847 24682 82593 47446 84040 80012 86144 22513 91153 8714 
6054 8
4824 58795 4114 63110 15284 56202 52082 61539 
6063 20
54575 67622 67848 78200 9552 95598 41516 96428 79788 1266 85987 48962 51504 36058 66962 28199 5828 91877 9218 50947 
6097 14
1096 14363 98357 70245 87914 43238 38616 99438 67265 16167 41185 64795 76511 63509 
6109 9
19931 1178 71786 93430 25854 12003 61318 39924 89884 
6143 10
85209 7701 31317 24134 13865 92125 9630 30869 80557 5386 
6153 17
3584 66969 42225 66858 74845 99823 66107 84343 75433 26120 69519 51064 16235 72700 21525 60960 29233 
6185 18
43886 10957 64503 26521 88182 94908 13777 85140 80553 39140 75533 1550 81670 47875 53631 4259 92901 49168 
6196 7
43207 44530 20989 37236 30080 29026 25940 
6209 18
98836 4248 82572 56753 83615 42256 74403 55237 94080 65669 31357 73196 23915 4664 50002 60849 4689 53650 
6211 12
72959 20956 75386 68981 78921 34066 98515 31699 27025 33762 46219 66169 
6212 12
62838 10024 84445 15924 35388 35386 29498 14766 52625 28692 96981 5696 
6213 18
63457 77424 10865 13393 29136 94635 72552 46054 82724 63817 51875 9811 29045 32725 95472 58212 40932 82901 
6215 18
17113 4949 29973 23386 11421 16553 94148 52762 4744 24129 2140 14576 56408 67089 94517 45216 49415 96662 
6218 15
28704 99660 71790 9772 18018 21458 11167 26004 97296 70536 93996 36207 78879 52549 90010 
6224 13
88865 27734 29991 81674 59495 47338 29149 54759 34784 54182 83248 16667 99486 
6229 10
76302 75827 28422 81657 24198 14751 61540 8106 10817 17584 
6232 14
93005 79311 66470 94921 94613 11405 19078 94076 52136 39407 11374 31697 33573 24693 
6235 20
54675 98310 2510 89751 51514 33564 21213 14188 78483 27975 20599 23126 10813 67868 16201 74048 89434 85956 44347 43368 
6237 14
91042 57855 50591 96515 14727 59450 44804 65844 39697 11327 85750 47326 35897 99963 
6241 18
40462 36531 42960 25240 54471 21600 74814 40351 66575 48146 12416 61451 13562 66639 98014 31889 86442 88617 
6251 13
16022 87309 15844 12864 85018 80211 43764 55479 77515 43311 41244 59385 69835 
6253 19
51545 43682 10342 66108 98355 77863 34810 71436 81202 51490 43797 83025 25956 9713 56995 98882 51496 1822 96307 
6273 12
857 43226 75959 12488 97091 76040 62490 95368 12008 64713 5951 12290 
6291 14
40227 31284 39249 83867 8733 76614 11669 43146 41526 86420 25589 61369 74083 52924 
6313 12
93797 31659 43265 78987 82829 28797 67578 11942 40845 71033 55835 87162 
6338 18
99700 12190 60792 87196 95615 14542 90076 24605 84191 50679 68607 73241 28228 45550 97460 85867 3993 87956 
6341 16
15046 47705 63048 31193 16889 30680 99801 45482 87037 11775 33842 88964 65179 13191 99253 50354 
6342 19
92024 40639 83420 56610 14438 78035 17891 21926 72245 32670 7859 54197 66637 69395 9810 92418 82294 55491 15146 
6352 17
42358 31336 45271 49638 61506 34590 27570 65044 40118 66726 43860 95531 23511 38972 64329 42176 77842 
6370 20
33734 88380 46583 427 32239 37690 34253 18097 91160 32566 93433 94898 93870 3501 84683 48312 43840 60385 40362 25601 
6377 15
59581 9703 5993 51511 8518 38727 27763 67396 27433 79352 9806 87756 53190 56798 66152 
6379 12
40951 72932 43814 85574 39512 60987 2625 25188 57692 46724 82284 93571 
6388 8
25759 33785 14052 57679 70658 27325 21305 35798 
6416 18
92349 45119 10158 52550 57172 15413 5425 10699 20964 99308 16620 66830 95684 56390 81253 47968 90005 74318 
6441 16
69323 30909 78139 89384 5683 2647 32392 48752 68267 9868 88836 85948 74361 34475 25434 72742 
6446 18
26401 15900 66792 68545 68205 46530 53448 69144 36923 35735 27618 83774 98393 35871 99013 78839 10142 58291 
6484 17
73073 64720 22878 37335 6410 39787 66040 91647 53319 70009 3922 26862 5028 87186 30527 2347 65804 
6485 16
76283 21521 11795 11652 97158 49367 26082 99457 32274 85135 67793 86061 81129 95339 11608 67371 
6486 16
11390 49113 66215 23532 89846 91344 6411 47806 69965 83365 44642 9782 71116 62904 91195 46936 
6492 8
47686 86629 38826 49255 23251 78408 15388 28525 
6500 19
25719 2890 11085 98012 73916 9035 96711 78351 64823 18749 53992 23687 72995 4401 45027 99291 20652 73215 41780 
6517 14
94997 68098 54157 30237 48405 15326 21435 96553 69713 56846 99325 82125 47637 77181 
6535 8
82449 90022 41789 58169 86490 85998 87029 37635 
6550 17
94970 97138 10051 31067 49892 65313 11530 97857 7958 93066 63103 12759 33058 57286 85050 57527 16395 
6558 13
92724 1310 29905 13742 92593 32443 38168 8947 35358 57102 63398 39113 20371 
6572 12
64810 83249 59309 54443 28378 43279 37887 58485 75962 79617 42542 30560 
6594 14
50315 54261 23659 31640 23273 87680 56405 86297 84968 83086 28837 78452 62447 67175 
6597 10
92021 53302 15458 7440 65480 88275 36057 61254 3198 97363 
6618 11
78488 45396 23316 96378 25153 5349 30485 54774 69228 43613 30986 
6622 15
84481 45670 57998 82147 6272 18793 24733 62848 47299 79296 1133 9183 44905 88036 53429 
6634 16
48981 86293 2045 95224 67365 10566 14480 20397 53104 11963 19258 14221 20489 76078 92692 73348 
6651 14
97922 17235 75521 51614 71387 21468 47244 24752 52850 42422 56279 10564 34061 60822 
6669 18
59832 96915 92111 3242 85781 83505 23109 99363 42918 67049 70627 38592 85615 76938 13095 35314 77258 1901 
6674 12
44386 86425 39489 84547 80511 32297 53115 63865 72304 33970 69507 11738 
6702 16
32460 89309 25794 18442 19296 36390 65657 46273 22817 75983 76843 41999 8808 81785 93166 63639 
6715 17
35878 49510 96008 9544 69349 94724 95314 3598 68116 34769 21077 98111 26822 67956 75926 92033 1147 
6724 11
61454 66109 54142 63341 95077 92534 15302 90183 85301 55452 63244 
6733 13
26945 93077 40005 89258 49628 29486 95617 15119 99115 22144 37530 16580 43975 
6745 15
62429 60746 88542 47585 35824 42366 780 52664 52174 44584 61366 85155 49435 26657 69730 
6751 12
12447 92329 82752 53100 53945 9499 3186 91002 84948 97696 57764 46146 
6766 8
51063 93761 75995 13814 7636 16929 21374 75920 
6793 14
5382 79152 6450 33019 42097 67385 11329 35889 19311 77295 93306 57183 28348 17817 
6805 19
8175 5852 63182 87313 12103 12320 4740 21120 83178 49444 72651 83935 6252 7080 96088 51279 85071 20240 59020 
6851 18
7601 6744 10565 53761 4614 88064 29042 34749 67363 13616 20274 58695 75112 19728 13606 80767 89482 10621 
6857 13
15612 18415 70698 716 20089 62817 68854 63757 86539 59017 98015 87451 9302 
6859 13
46345 96771 8746 62573 36388 85409 63595 61742 55716 64498 58121 22568 59782 
6860 12
57414 50826 73758 60350 52824 22766 27106 40502 85474 89647 75756 94084 
6871 20
40071 599 47629 87851 67662 31515 12282 59306 42836 75548 36149 80127 74615 74736 16615 59246 66013 21581 39044 13601 
6885 16
19537 27088 17732 85859 63259 5015 92336 6488 51407 82690 55405 57256 37539 6480 66579 69466 
6886 11
18228 31876 27227 34128 73537 58564 5969 63331 98641 9162 96184 
6893 16
86137 22644 4230 75829 25011 6665 22537 47187 80059 96605 47292 69038 95392 84211 80312 95732 
6897 19
56907 95402 83304 28038 71074 14860 10856 3932 87937 54263 6564 43423 14925 48793 75602 16476 73295 54084 37550 
6899 11
95073 51050 10095 83721 85338 7382 66671 56318 85529 36977 66595 
6900 15
70957 61143 95188 26881 90465 40778 31425 33507 30226 17678 49873 65779 9796 56122 84837 
6916 12
11809 72127 99970 50484 73880 52775 69602 41285 30454 70456 28824 1234 
6924 20
71058 52515 321 21608 74778 914 26289 11872 72342 79063 63846 85194 99091 17326 72444 35243 79444 74130 28224 437 
6929 10
37857 1246 41736 74880 48522 51237 91054 27730 33361 59689 
6939 12
51405 22972 62718 51249 36094 35146 3723 99366 84569 87628 31143 84101 
6940 15
13098 69993 27468 24199 57710 73925 39870 42102 79244 9446 6553 26739 58983 39164 60078 
6953 15
4460 44169 71259 40597 2391 45821 54548 6931 67642 46259 29728 66523 84887 52169 46501 
6956 19
23222 12022 24652 96357 51299 69003 51266 91610 39583 9618 35034 65207 17917 41029 4121 51478 53783 44889 95428 
6960 15
6247 71899 54459 19748 38352 10844 72698 99689 50433 14405 67911 82588 69862 36781 61486 
6976 20
81336 89056 92586 97336 11231 2163 56081 92699 97119 69510 89120 74902 32712 66507 34239 26150 60936 80822 64849 33516 
6977 17
66128 32183 70449 71114 50143 34286 75975 32393 26326 17293 1942 99975 97203 16614 48057 70124 99006 
6995 17
65061 28301 95925 7997 82356 31004 79584 44045 59001 88527 91388 64793 19352 61402 59224 31952 10252 
6997 16
89931 98688 78792 5905 19589 40161 29304 15745 17992 87668 28159 789 87233 72751 15852 66150 
7007 15
98729 80330 65628 37396 81941 97215 51572 11291 48876 60591 4710 1617 52012 13798 45220 
7025 10
10805 52644 5509 19809 18708 19506 81812 98482 33186 52788 
7045 14
67035 70445 17983 79991 43027 15855 53886 50528 46945 40769 30104 48410 20267 64734 
7069 18
27194 44616 37184 81575 4897 52947 93345 85412 81860 21644 26031 16123 50545 81377 16197 35160 89369 46676 
7071 11
83596 32802 54358 83688 40860 49768 61317 93910 72570 67657 28620 
7075 17
99835 92121 86304 80133 37195 2387 66289 27107 91201 71055 29624 88983 17920 52111 92755 69741 753 
7076 11
6424 14181 29780 18364 18119 38997 50088 16937 57314 56881 90988 
7096 12
14081 74848 51471 7263 56709 98137 59961 70558 21657 37822 74167 11788 
7099 17
47399 17825 92480 44858 42133 25972 57840 50485 55683 43684 50093 30175 72976 87543 80436 24441 87568 
7104 18
6640 86511 88759 92978 52594 14464 11303 87687 54403 2984 50761 80549 31313 13281 61556 72320 71194 26014 
7108 12
54978 99096 5157 7068 68338 74552 6588 84838 33285 12876 31126 17639 
7120 12
92811 52987 81466 78578 55580 49243 86758 84236 98211 19466 32987 46518 
7124 15
50099 54052 84187 80820 33815 78852 15534 84791 15911 72194 63152 43774 47497 66112 11559 
7138 15
47439 80141 25850 19413 98936 73773 99033 16466 35017 44269 66007 12121 88223 1335 24225 
7142 13
43691 35387 19387 69766 72642 5224 61807 1585 27558 67052 76010 51013 31774 
7166 14
43444 35811 20255 99387 98138 86148 74754 49505 99442 34912 60913 59221 58833 60261 
7175 12
66907 75263 28784 39305 23413 28230 17709 96386 68888 4082 14897 55577 
7179 17
58721 36250 2258 68807 46987 41750 35544 38619 22200 37668 45570 53577 47013 95940 22705 59713 41291 
7193 18
57697 88975 59092 69087 45085 92266 69289 71752 85721 21857 59466 87526 81187 84847 82055 28134 39397 53826 
7197 16
79354 40527 45087 9789 60373 57881 35493 57825 50884 22905 29183 47711 32052 85002 23852 17486 
7205 9
14711 94841 88876 23637 94683 52199 43391 83334 14607 
7243 17
30369 27950 76394 57434 83823 91025 50394 11852 60513 77263 24818 43122 36003 42008 92712 41457 50324 
7261 12
80930 42784 11531 19734 9894 56593 65000 44155 88509 78525 1049 69987 
7280 13
80899 6392 93565 38742 1658 5116 55355 35081 2535 88372 35778 4380 86327 
7281 18
4425 53518 35664 83800 8971 33026 20628 12771 39968 64213 88047 87511 27077 15340 74003 3009 92440 26693 
7290 13
40944 70151 44016 82550 44059 33845 55529 29914 9800 25441 82954 91738 12415 
7291 16
22361 46919 93667 5342 59060 94577 91141 97174 12393 35956 95184 41236 72354 4819 29640 2913 
7294 16
9222 87816 64804 14773 92094 83381 24763 83796 14520 10973 23108 1412 79261 12787 55349 21556 
7305 11
23444 89141 17735 27769 569 31000 71052 41276 95997 16103 80227 
7312 18
50617 49967 44421 62565 24747 12490 61924 94242 12197 88202 28791 58254 39265 61897 33892 27440 23031 18369 
7327 17
97546 91198 10089 2444 91892 66385 50738 80916 62968 5377 72011 85856 7209 89861 69788 23059 56397 
7344 17
77416 66432 90169 12714 8712 77088 22816 26817 10626 61206 3380 91488 48724 46076 36586 81481 65945 
7349 13
59041 85279 26091 79362 33490 16892 31597 32445 80668 74246 84314 79401 17422 
7358 20
8226 6016 41726 81897 46729 65508 65619 36550 63957 45114 59605 34271 81543 47834 46203 30585 67570 34122 51487 88944 
7360 9
11512 42389 26904 50678 48561 23450 99682 33085 93449 
7363 10
40816 91931 47600 15437 30267 41293 16559 2051 2912 80638 
7366 17
21410 8121 71278 37221 97508 63615 43530 70600 99933 83223 19856 50284 36123 17681 31079 62596 74171 
7368 10
56298 83691 14375 91433 40763 15296 10925 11093 18208 67270 
7400 14
13517 7689 34825 8590 69153 89982 55175 69903 63989 57596 61739 81389 29435 17790 
7407 16
71967 84012 99915 65910 88573 17054 56070 58136 75113 18397 5091 72956 90246 64217 46170 41471 
7438 19
92491 76815 43162 1137 35463 42865 51686 85581 86426 68645 50115 74677 29776 82920 7093 59314 89848 39760 60101 
7442 12
43972 88066 83475 51910 88608 2411 75666 95694 18588 31144 60742 84007 
7445 9
54006 15917 19351 80365 80625 85554 84320 15716 33977 
7466 12
16046 20898 13826 71446 58751 92083 13300 85827 87747 38969 39625 55929 
7491 18
32661 60681 24104 14389 29611 21049 39743 67568 89044 70505 75423 25513 39338 6316 43424 48935 8221 69142 
7494 12
623 10857 41288 10663 79302 90878 36353 70468 51017 76735 4463 85508 
7496 13
31034 28470 15189 65539 42372 18581 83511 42525 11057 1708 41918 19343 32602 
7500 7
25851 14282 76449 31745 48307 55 62579 
7506 12
38236 50423 75419 8129 59395 53271 86524 64897 97004 70054 13059 63738 
7511 14
16503 31358 7833 33910 61640 75046 76480 59683 60278 56141 8434 86698 71537 77109 
7512 20
26310 13473 74 35094 60390 32530 8122 90572 88722 64121 25400 64757 45226 2705 76456 50060 76140 50160 93792 63912 
7534 14
6159 57846 42500 65621 62332 57589 63250 96584 47444 12910 62273 15974 60646 23357 
7536 14
10503 95902 87718 35450 98889 79130 96573 58226 61391 26634 13087 29614 81698 13067 
7568 13
62233 17092 62643 74596 27999 99280 95150 1043 90270 13940 98554 84207 47483 
7575 16
67566 43509 79454 43121 81317 53525 60496 80057 14517 96630 31529 11851 99998 56723 57733 66420 
7586 16
84757 80378 13396 79659 49041 72084 8613 27731 73573 79780 65559 95048 46510 27049 18042 9314 
7594 12
70307 10648 72978 75342 74153 37384 18157 84674 48297 66250 89472 68793 
7618 16
39981 23735 77323 62662 67558 96030 75698 63405 79692 43327 172 35632 43386 34172 98975 97723 
7630 15
2334 70287 37838 23548 58172 82939 86198 64382 60555 92006 1471 79061 20506 7311 47513 
7644 16
43396 26476 71355 59212 89347 97054 43063 62560 11830 14944 22370 79845 7510 86800 51970 14114 
7645 14
54916 5565 16202 10327 80297 74489 11713 51951 98631 7549 33181 49720 38206 28757 
7650 9
2927 93619 59307 77217 98815 62493 24415 9657 27528 
7658 13
8891 20970 40645 25826 48988 6353 16453 55638 62112 25900 47815 31242 82620 
7666 18
57985 21917 59732 69744 10829 71368 43543 72848 62577 23158 64442 4587 74893 67198 35764 12676 6528 7657 
7674 15
80350 13561 85631 99203 33430 83532 38030 40955 92671 96371 96548 34604 22822 23230 48355 
7675 11
85964 29126 19896 99209 14534 5850 34838 77706 12789 46083 14065 
7693 18
25314 38123 28229 44264 11113 77084 89295 57349 3799 63759 46440 68186 92043 61718 48395 47120 69254 11502 
7709 19
99195 24499 28069 69407 9816 71892 58854 6194 78733 23021 56021 67654 91415 53259 88615 70512 80735 37972 17174 
7713 9
22803 12043 26360 21411 2676 87456 29200 95984 76137 
7718 15
56013 62902 45232 68845 27298 95154 43357 78201 87371 40897 35277 81664 60428 38221 62446 
7721 15
29237 42970 79874 11979 54039 34319 5501 8986 17921 78564 41527 71475 21145 17005 15502 
7727 16
68591 17593 29801 91238 64528 56360 55257 4853 89355 92711 29373 10655 87259 13749 65973 29875 
7734 19
95387 92277 95683 76638 73853 108 42257 25989 59922 16254 60539 23806 12479 47672 90738 41152 70372 96541 10068 
7736 13
90159 29918 56439 99773 94907 51154 69643 77480 63164 85917 32385 13898 17270 
7785 10
54677 4026 48557 59501 77242 35794 72110 59837 22157 46623 
7786 16
17896 28405 35502 53760 38905 39415 49193 95619 54098 25158 1248 58615 76788 98713 41312 30416 
7801 13
92511 74929 34242 64579 8998 53143 52343 42360 9805 66911 64401 67131 46320 
7803 17
49077 44789 74195 71749 77821 64949 29809 15174 22727 2896 4527 37021 12753 84449 27483 37234 54908 
7819 20
47416 71839 45905 88097 42215 89224 58796 8183 21414 86747 20549 60221 53006 39170 32704 86604 1367 37514 85469 58040 
7830 13
66809 64497 77190 43505 41142 83384 7133 85147 52375 21907 51238 89960 34488 
7833 20
48921 80729 81100 15040 75439 28263 13413 27970 6455 13335 25955 76171 17284 55296 951 65603 77924 82706 28929 96292 
7838 17
41456 59223 32256 4101 76370 11511 81182 23853 67961 44332 34832 10875 44970 80912 34154 3645 23441 
7839 19
53652 80364 56161 24635 33866 99122 60653 74508 26812 94038 16484 25222 33645 66130 4628 13704 25682 99997 67734 
7841 19
53855 51679 13603 47100 18316 24318 59880 91832 29602 29245 38953 73346 48987 34294 17413 32406 72893 40280 92195 
7843 20
20265 17796 13585 31208 40070 5667 9698 99266 45791 15016 3970 75591 40884 44404 31352 74467 42817 77573 38684 9526 
7862 11
67246 51312 24226 80707 56089 66736 78834 43963 2746 90271 97965 
7874 15
59671 80391 30154 29032 88927 88206 4589 66548 20886 24224 95943 7841 77996 43227 96421 
7875 9
1899 27527 66772 94447 42940 9257 19248 31130 27280 
7881 12
30489 8436 94115 69356 47235 30549 40758 27882 50018 12040 95013 29647 
7899 11
66347 87502 81515 8119 84878 1187 17954 66203 5052 43562 45542 
7922 17
71172 50517 28021 44733 97664 40713 55821 60934 53090 68941 27539 59814 66895 93038 27402 87544 30135 
7946 10
10678 36226 58690 67998 45497 36736 4421 79434 80630 74419 
7951 9
11002 37411 44720 23486 27785 54747 65177 18599 92362 
7963 10
9705 79522 74147 66573 28370 74649 89191 61205 25831 49736 
7967 17
87274 43138 30594 96830 20191 59764 76043 71696 70732 85309 40555 81258 81907 82680 3249 58473 48520 
7969 11
97012 39053 52978 22755 77805 53221 36184 21320 84120 21286 21574 
7984 19
44930 27980 57104 6981 7690 38861 57279 91557 40900 55615 78896 88120 97991 96995 83098 98660 59248 60574 56008 
7989 15
22925 80808 6800 31099 46874 12877 34694 46347 25304 39418 86559 92114 95793 33147 4181 
8033 16
2919 8024 38348 44501 88568 46948 55854 41502 99271 73056 64948 85106 26887 68909 86261 87991 
8056 13
31110 63827 35890 3561 75487 45770 24457 19817 87430 34361 17128 96476 28167 
8070 14
2615 39913 9028 66976 81476 14443 56742 59182 93400 96632 45026 28071 52774 29981 
8071 18
68148 8203 98239 31251 42564 63465 48279 11551 66959 35357 2657 2861 15452 23984 66947 35723 81873 49774 
8085 15
4954 97376 81805 55989 19725 92916 58823 75703 75493 24745 98690 87050 79086 66731 31991 
8095 17
6228 90214 90909 59218 56953 66163 55875 17722 4572 28981 47435 93111 13218 16669 80424 92161 73611 
8101 17
85863 77330 7489 18975 19326 44892 25853 27883 9825 4386 69595 87425 46390 8586 96290 69837 87912 
8107 12
96377 32686 43436 5915 53938 96135 43493 33966 10439 5316 27140 94000 
8124 18
24203 92010 91445 60124 17381 43674 16017 73964 63901 96909 47515 64953 77569 20796 74777 9262 69653 93906 
8128 10
27904 98960 25117 78649 19960 19901 260 95115 6491 2429 
8137 11
79951 61271 99971 93445 57208 45335 17341 4070 56364 23685 376 
8138 12
20108 96157 72141 45672 77636 67623 36224 88287 14820 66280 42854 13542 
8139 18
20698 57494 67726 30109 54522 68501 56432 99605 98805 12427 8074 69867 93749 87734 10964 4255 15831 35907 
8178 10
9401 81080 40436 45833 4923 53621 40020 50605 50677 96730 
8180 12
61325 28946 41992 78188 54818 52039 9612 2533 75155 65147 50585 98201 
8181 17
82963 39996 15098 76450 45999 80560 83126 34337 7259 52171 23141 74272 59532 29408 37489 56597 40430 
8186 9
4106 66406 20166 54686 80745 38853 78862 75246 45298 
8195 15
51613 67391 3200 90303 1533 38674 59750 71783 76655 66272 32220 97797 77990 26262 34166 
8226 17
55921 97687 63151 39877 1389 80110 32452 94548 39729 67199 23282 89734 64000 62583 32778 42020 1636 
8254 15
71939 13658 18461 67518 12813 21884 88947 59811 42451 99576 82031 81783 10821 494 31572 
8262 17
14172 60403 48694 34545 38939 48070 11053 30397 4437 78104 98408 55618 48142 77806 54072 95669 13390 
8269 10
75850 19008 54099 99085 95653 19870 40964 92585 79907 38395 
8309 11
98974 57734 30968 42085 70486 38327 79288 32245 66856 46184 87002 
8314 12
56962 8642 63791 26183 3608 2974 49592 15104 41770 68776 41045 13404 
8330 16
75340 35579 80067 19806 17885 30160 63306 55804 35551 27438 58250 62001 45963 59117 91846 86200 
8363 19
86460 75160 19297 8218 22066 24495 10067 58215 52197 4338 95698 79757 77027 21268 21457 17958 421 13267 12905 
8366 17
92987 85671 28568 42380 10967 83581 90808 83744 42059 48329 53228 6347 69000 38146 65423 87384 57116 
8374 16
34529 23392 61291 30673 81036 3224 25691 65749 18178 40208 14795 25927 52819 42072 34899 36979 
8381 17
71304 77955 80165 67433 73556 19668 4713 68023 60797 35589 65589 1217 57847 79498 88359 31023 35758 
8417 14
15806 34207 5554 54051 95160 69505 48496 29388 59672 84194 90421 91406 52090 52851 
8419 15
74516 91336 25113 33156 11972 32676 25460 33623 19745 55440 98984 74227 97499 81425 54900 
8422 11
49918 27526 65703 70695 73609 1290 62578 17780 32319 71702 27225 
8427 12
3442 82839 98543 79441 50819 82993 10276 43211 3291 79329 63169 85437 
8449 14
14558 20646 45138 28274 80146 39740 8130 1067 63841 79160 6551 88496 150 18333 
8450 18
48365 65968 28509 74610 52759 25301 24474 12668 42454 60389 44254 28983 48071 18541 14602 46318 96231 40969 
8482 20
70288 96977 78597 73754 63112 35307 57165 81431 79819 10884 67501 37324 61594 84574 47033 48488 80066 56376 15793 16809 
8488 15
38326 69767 45522 1030 84875 91683 52721 3389 12973 57569 12162 74067 73183 60544 7698 
8490 12
70466 48919 72199 50163 75442 82276 6067 6575 74268 5462 1738 11887 
8519 16
82029 3815 5406 76034 15364 72958 32655 68342 21247 82842 28883 35301 42595 90641 69270 85292 
8521 20
64176 83416 49863 86004 86374 5922 3523 9525 52981 14317 66555 55003 92700 98065 53094 45102 75115 6293 94592 72412 
8523 15
55109 73506 6143 95623 67090 90863 63071 38913 78475 38859 31887 60628 14552 44307 18658 
8563 14
75952 57728 35700 49851 94874 55323 52295 43239 67599 34045 63806 48599 75383 74839 
8580 17
98908 67873 71742 88493 86452 59259 39339 82671 87049 29500 29915 61599 99132 64737 81463 38210 75412 
8582 13
95124 31680 60342 49047 36499 73331 83989 41460 90971 78272 56004 91550 36362 
8587 18
67325 62910 76951 56007 61696 64378 35465 37892 89433 96446 44756 2274 32612 61852 47251 79082 75555 39498 
8591 18
31632 10379 50910 84079 55863 31112 79328 4367 30074 78446 94483 64419 92938 60267 60237 2595 49613 58214 
8616 11
70430 97818 38923 96194 82814 71062 75987 78358 68422 65752 38917 
8617 13
27336 12078 70208 80572 65001 56222 27070 53656 58113 96366 24555 73616 62826 
8618 12
15525 26628 17819 92996 13828 98333 59270 55352 21205 80547 84943 43686 
8628 15
92518 10086 58598 90841 31738 19720 47784 78777 44180 72673 70325 25297 63623 15373 34688 
8632 10
12150 56100 80526 77491 84600 57931 15455 4011 14281 43668 
8642 18
57282 55907 35326 73628 24376 84091 94145 6597 13987 87733 74503 26421 79253 62339 18130 48531 19957 99333 
8648 16
33752 82906 80463 5890 5663 61228 31855 85459 81295 22446 92903 41666 55376 40446 25704 15391 
8665 15
38066 37733 41039 39045 23743 77940 11950 86722 87357 14354 41158 45781 52747 70889 19430 
8677 19
59762 61954 69066 98603 36527 63444 84362 95939 27075 87787 86212 5765 75934 11813 57476 65537 70719 55736 54100 
8678 12
24193 21770 89380 10741 50886 38243 83628 26285 91413 55365 9158 71282 
8696 20
35619 45104 44776 86267 17085 89554 3876 87902 38304 24855 77630 82092 78115 2284 82577 94634 66416 42488 5076 65791 
8705 16
90488 10597 95673 30052 32535 92879 96302 76391 6164 24516 36907 82756 90814 96945 38588 78570 
8728 18
71936 35203 33260 69082 65433 50050 87702 32405 56671 10134 74374 73194 74978 35881 72584 18116 81479 15654 
8731 12
41334 56020 36155 6054 82477 17680 14287 98808 29431 56500 68 45854 
8738 17
34438 20614 68221 1081 46844 42857 89237 2052 92795 33701 88550 485 69069 47390 10840 36519 41936 
8751 14
47966 98134 97838 72545 86186 14149 95125 2229 75430 4492 64277 18817 11360 5650 
8758 16
13373 66675 45583 57507 17985 18403 74958 51760 95727 5445 88026 60299 49244 24925 68057 36492 
8791 16
77912 7524 86695 7772 91907 68515 70762 58323 40812 99958 73654 5851 95022 67079 27407 89708 
8792 8
20600 70303 38764 70023 6357 22102 89532 19539 
8796 10
5834 54729 48241 95709 73999 94930 83000 17115 79176 70427 
8809 9
65406 2082 96813 42431 76208 57328 52657 48815 60339 
8824 11
22004 66680 95888 65461 49785 86449 56839 87239 35200 42049 20000 
8831 10
8173 21173 92109 73255 83003 9652 90428 8156 60767 28394 
8839 18
73517 13780 11548 81713 62467 17418 61444 25692 80409 4964 15830 66404 30601 79479 48420 24954 25978 76776 
8887 14
19827 12560 89506 41297 74971 45450 67211 80223 63045 69321 26988 19482 87881 6956 
8893 11
17105 66601 1543 83218 53488 38000 90842 41848 40824 94973 3751 
8898 13
29724 44717 71205 24909 28913 77182 62359 92841 7554 69742 50321 62901 5346 
8902 18
33301 22675 45112 94621 37332 22065 32830 18407 60157 38268 42818 24014 40132 39516 45574 96807 63862 31122 
8917 14
32911 3456 38007 42526 18745 65614 10177 14901 40941 61097 22365 60134 39083 6604 
8923 11
19488 59575 81985 4086 73575 60193 62108 18916 52393 84962 51239 
8933 15
89813 72257 83958 15618 88991 13688 28327 13356 12602 80083 24853 55138 56987 96832 51725 
8965 9
91862 16050 99886 13636 20994 81920 9911 7337 3308 
8973 17
76599 8089 94822 80592 18526 32010 72550 35726 20203 75414 54002 42555 6258 65888 82094 3804 16911 
8976 18
99108 935 11277 89239 74851 53060 12849 78872 73120 10516 7834 3108 64180 33228 82073 43847 99779 6077 
8981 8
73258 36381 15079 52999 53912 87611 89217 68881 
8989 19
6476 38628 85112 4882 50402 77555 82394 9571 51990 88693 67915 7459 81799 43675 36103 90827 36422 79068 71547 
9002 18
62316 12124 37414 52024 13716 74681 58943 86336 39863 99659 57226 2591 14234 49905 77985 42901 16782 34020 
9017 12
91709 14022 5712 19329 26768 60619 43329 91072 80430 42812 65630 95557 
9027 14
80014 57018 65839 672 33279 66363 7339 7881 32154 87363 96865 58873 65327 16771 
9028 14
33839 1506 37017 90292 70946 18377 69008 75877 27682 83450 51723 71195 9170 151 
9053 16
40703 71014 5886 1638 87880 16455 62941 99762 85879 60614 5280 47051 76721 89802 55265 22199 
9073 12
33207 70587 72287 4455 42630 9160 44937 14472 34570 73625 87013 67513 
9077 10
19144 19468 25597 97153 46321 44704 8165 27174 33616 74177 
9080 15
62283 62624 88381 36678 10837 22636 82772 71727 61045 50566 65491 25423 34134 95328 27874 
9081 14
8893 82682 3001 1161 31591 86117 34619 93266 71966 55774 27930 51304 36605 37630 
9083 13
86690 83084 61835 88035 40282 6584 73373 87954 59202 56694 44722 83883 64502 
9092 14
27133 70866 56179 39395 52279 14736 59636 33002 43902 83350 4727 61446 50047 14305 
9095 14
75822 3621 72812 18313 37934 86290 12473 93109 49484 14246 17192 86613 92928 20395 
9100 14
40503 79050 41747 67500 72373 1905 53450 58793 26345 14179 24333 48829 6610 28665 
9106 17
44677 66450 97799 11562 1528 62637 16225 38499 33723 7416 15789 44468 88686 86033 37095 55477 62653 
9110 10
99103 78629 8444 67737 54757 93603 90052 34898 4345 84142 
9126 9
93125 95054 7305 5255 50558 8598 92754 5381 69043 
9149 14
32620 10985 96588 26325 37557 69311 9349 2335 91243 73783 6371 13653 57954 54782 
9153 13
89006 81046 18060 30877 22242 34572 12224 2358 33731 16077 90720 15634 91461 
9168 12
78390 22703 34540 96405 28484 26275 5391 52598 5688 81278 643 18334 
9182 18
58359 90879 44973 30453 93808 70878 31401 74689 85098 37440 70696 53019 95891 90723 69375 22630 52385 58196 
9190 18
1958 45448 64270 18878 19799 36270 50787 26855 69650 73766 50452 36196 52626 81730 85464 6343 82163 37077 
9198 10
2800 59003 74088 56094 80334 68760 78078 63255 98340 70340 
9200 17
95783 40998 49335 23736 5786 75076 72874 94798 90870 81025 86219 59635 15517 8628 13319 23611 21877 
9203 9
24592 83264 8470 38458 6905 8113 67814 91060 87616 
9204 15
63140 97721 54110 41533 14911 60050 82570 77844 21536 27638 23565 94816 1827 15641 59900 
9221 18
76388 57012 19985 67088 26344 74554 24514 70487 25306 52725 29873 90500 83297 88825 93774 8245 88738 84026 
9227 13
54980 75128 42200 67461 30542 63726 66562 43939 98859 18981 38461 14391 27902 
9250 14
64333 91350 85035 44363 81473 22362 56990 26902 40283 47229 50572 401 36413 13243 
9275 15
54384 84400 73807 20719 44588 52454 74937 24056 81883 34618 55292 96050 68647 27217 96342 
9283 16
50737 61360 32820 23713 12928 69266 90715 91110 64807 66032 54745 92144 52982 6947 32121 9580 
9291 18
61965 18754 49163 67203 31620 98661 55315 21108 85620 77294 70367 28135 26874 18872 43178 28222 6043 66701 
9323 13
56664 64935 32041 94495 74911 89145 48421 83574 59722 75862 56860 91919 96985 
9349 13
22034 46782 27110 16772 49333 2672 61627 40337 66258 29017 25475 2822 82705 
9350 16
52026 21805 86116 73452 12312 85579 35891 73293 53856 97322 71105 71689 43367 6068 13875 74829 
9353 10
37027 31682 70253 81804 42507 20075 93341 78811 53825 4698 
9367 15
49908 90301 10106 32324 43507 82428 36361 49525 23025 31744 69960 94991 55924 65640 19891 
9391 10
17410 37406 51622 56590 67200 39802 12673 48957 72721 48509 
9392 16
41583 92031 60152 16853 14097 93839 50804 17618 15826 4218 94867 61886 35946 95834 38506 12125 
9406 17
5841 90664 38995 99727 50040 21811 37802 61802 21450 61376 98798 61266 71155 99666 34427 4440 99586 
9421 18
46482 45779 99889 9220 63456 86837 58262 91362 83448 2690 92428 33654 24786 56960 38279 33784 50109 50353 
9423 13
36085 22882 45286 49658 90895 87100 54992 5340 29518 73513 36838 23440 12736 
9425 10
52493 20210 326 34703 65094 96922 53662 20963 17849 72756 
9432 19
2249 98418 56335 17858 95835 11634 11793 96975 69921 82880 89583 29522 43546 34357 76675 1915 36104 16250 42127 
9447 18
70663 38593 673 76262 410 89681 38320 34612 76725 33653 90735 98621 61857 42871 83518 38150 14339 63821 
9486 16
77993 25214 29781 29916 88042 144 96171 85828 42294 1142 3667 13021 47863 25217 50136 81616 
9506 17
61131 32320 91177 53947 73605 13325 54080 28035 82657 2253 55571 95401 64272 48747 33125 52150 24168 
9507 14
47750 61625 22639 76685 37861 426 43700 82357 50520 84733 38469 107 28393 46675 
9508 17
24235 75059 85016 85823 14879 67267 98168 11493 97151 76912 40741 5450 97289 7592 92230 12510 78213 
9548 12
5328 33079 12593 79741 42365 49282 76966 2920 87321 90100 50610 65341 
9550 19
16900 13768 62462 78565 42609 41342 7589 65218 72705 8236 4066 1235 72989 77601 55522 24547 62549 96624 94058 
9566 10
52477 57624 65721 48216 76358 44518 60741 85657 3302 41865 
9573 7
79675 45212 2480 23543 45598 69101 4039 
9588 15
45766 52079 99620 82776 2915 77918 72607 11697 51868 32837 71425 61586 45047 23697 17909 
9600 16
84139 64856 87758 69973 48526 67015 29343 92817 19053 53341 78409 77425 84785 36851 83775 56260 
9610 14
26024 15889 72458 10310 73708 51124 99410 7226 82028 46899 81281 94445 8256 61799 
9616 11
86840 1692 17570 99815 1364 75156 7556 16417 41559 78190 26504 
9621 10
55975 85358 84171 30834 18254 94350 1056 60096 76835 23291 
9629 17
76914 33547 63036 87028 69054 51633 13258 29531 18160 50041 56195 88717 60819 1721 30591 37812 8705 
9647 18
6639 93830 20992 36874 77077 22523 36307 29392 69201 25354 15121 35547 14951 46419 25514 24037 95318 47109 
9663 12
46601 58710 6858 32752 5190 28336 33696 47936 66331 79944 88994 3518 
9679 11
44680 72076 14328 40355 29676 47337 95311 15921 99983 5315 21988 
9689 13
52717 16618 25065 24717 82941 57232 92443 20901 99959 26460 41822 99017 52173 
9692 15
991 12574 90107 94674 59362 89000 4046 53196 17138 6893 38246 70740 45235 44492 95232 
9726 16
94382 6513 34124 42702 97996 12833 47767 90017 887 81474 97216 50 54185 14611 25351 39494 
9733 13
39173 58005 38374 90923 48043 55543 16989 55530 77857 25678 52738 46377 4715 
9739 14
68408 75752 52009 65235 47914 62526 83135 5553 1930 94857 67310 50398 49512 75047 
9751 17
30671 97787 77396 94983 86798 88494 40731 68269 36902 6374 78043 81153 15698 12414 92385 68977 16176 
9752 9
97353 51247 3775 5944 43989 27738 55576 19038 7306 
9767 17
72338 84385 95529 20734 51380 18458 87893 27427 64491 20073 49839 25318 87193 67431 49889 63897 65146 
9772 16
45682 10161 77264 41179 10639 18994 71956 39849 1331 12919 34725 70656 95372 90925 20394 63725 
9773 11
74155 55807 9758 83407 17563 27623 37333 7003 95875 68891 4010 
9775 14
63160 77427 96993 79094 74620 61448 40064 58834 4152 7553 65172 75873 51106 10071 
9809 12
7458 91995 81683 14461 76882 23774 41078 36806 8225 57612 68260 23340 
9810 10
53684 72649 95564 4726 1912 53669 7955 33464 8905 93754 
9821 18
53120 63208 39547 59651 91297 21714 93674 39084 58818 47720 56717 81806 78544 13743 77756 98068 95071 50004 
9829 19
56041 83501 86822 88487 64120 77453 20136 75869 3990 47730 21391 97558 32779 67231 1070 11205 47315 51779 70861 
9847 20
40102 53569 49572 25360 83320 76930 96190 11764 81346 98774 83562 67470 90236 51583 34886 42249 31148 86436 37905 85170 
9848 11
38687 31778 66696 59308 50014 78222 19846 50894 19154 87308 25141 
9871 13
1601 84703 15552 87836 47617 29061 17117 80393 58231 63085 15113 70576 21955 
9872 12
46559 42558 22001 51849 47501 85527 91580 4537 60493 32420 86685 56111 
9913 14
86317 73854 34662 54421 5896 74864 11524 96531 44924 36752 49953 79315 26746 6464 
9918 10
63551 71772 47523 14457 27484 83949 61821 79933 49584 31825 
9926 19
60582 88696 93284 90990 60362 71798 78372 83446 47992 61502 56215 85636 31119 84581 64989 28125 81947 96756 51440 
9948 13
4624 24599 90758 23869 74943 15301 10231 7578 78907 83858 60007 44866 55894 
9958 12
82858 1314 99344 88166 57271 86319 28942 80897 98420 14419 74683 4164 
9959 13
4214 58183 7285 44815 26480 38560 9752 77174 14715 96191 6915 20609 98864 
9960 11
54985 19578 87648 72481 90539 10159 62212 81485 72726 6102 51956 
9963 17
54749 66242 13534 51392 11101 74257 43895 55717 32448 23537 34741 1914 27003 99824 3471 9928 47722 
9967 17
18430 5526 26088 24085 19232 32649 74751 78113 45729 40981 83090 94368 31556 99313 51540 32317 71081 
9985 18
86708 18118 352 81477 35989 4521 95315 81469 46976 43277 39791 57997 13262 94829 27065 44342 31641 71651 
9986 15
48409 4568 27290 7492 13568 11635 92716 18829 59227 3996 67087 53312 70134 48586 85635 
9992 17
65697 18310 63811 12834 19245 84675 24118 50037 21906 60898 65970 2448 94642 54487 28487 97315 11896 
